0  -0.000220766  0  -0.00940894  0  0.0256734  
-0.000153196  -0  -0.000181863  -0.0174234  -8.00471e-06  0.0235298  
-2.27977e-24  -0.000255079  -0.000126981  -0.00848828  -2.36823e-06  0.0231785  
-0.00016285  -0  0  -0.00689024  -4.11431e-06  0.0219879  
-0.000140833  -6.10805e-05  -0.000168187  3.5816e-06  -7.53064e-06  0.0202202  
-0.000139855  -0.000230021  0  -0.00912734  0.00373296  0.0218504  
-2.42805e-24  -0.000253058  -0.000134492  7.06608e-06  -1.88488e-06  0.0224306  
1.29288e-24  -0.000252709  -0.000110573  -0.0085469  -1.88721e-06  0.0235252  
0  -0.000115226  -0.000136018  -0.00886081  0.00487727  0.0232927  
-0.000162885  -0  0  0  -3.91569e-06  0.0219103  
-0.000183539  -0  0  -0.0069835  -4.22528e-06  0.0209712  
-0.000170369  -0  -0.000191397  -0.00988744  0.00923592  0.0214048  
-0.000226561  -0.000224792  0  -0.00926317  0.014306  0.0217169  
-0.000210767  -0  -0.000177774  -0.0162623  0.00904184  0.020526  
-0.000208385  -0.000224534  -0.000139053  -0.00782851  0.0131159  0.0209027  
-0.000202375  -0.000107798  0  2.20484e-06  0.0142628  0.0199913  
-0.000187428  -0  -0.000165301  -0.00888773  0.0098279  0.0201434  
-0.000167516  -0.000226592  -0.000116787  -0.00817085  0.00630664  0.0198875  
0  -0  0  0  0  0.0196794  
0  -0  -0.000157453  1.29089e-06  -1.80041e-06  0.0204121  
0  -0  -0.000155622  -8.50506e-08  0.00996962  0.0203349  
0  -0.000110096  0  2.08393e-06  0  0.0198482  
-0.000193023  -0  -0.000163785  -0.00859757  0.0103217  0.0190461  
0  -0.000232547  0  5.23192e-06  0.013307  0.0191813  
-0.000175497  -0  -0.000153444  5.41183e-07  -6.01213e-06  0.017558  
0  -0.000222159  0  3.31979e-06  0  0.0177951  
0  -0  -0.000134535  -0.00694486  -1.89206e-06  0.0179822  
-0.000125677  -0  0  0  -2.26437e-06  0.0170584  
-0.000147429  -0.000197821  -0.000114117  -0.00695192  -3.94315e-06  0.0172561  
-0.000130015  -0  0  -0.00829048  0.00527879  0.0230839  
0  -0  0  -0.00776516  0  0.0147405  
-0.000109366  -0  0  0  -2.15652e-06  0.0155828  
0  -0  -0.00013771  6.36052e-07  -2.3474e-06  0.0167045  
0  -0.00020258  0  -0.00618466  0.00564948  0.0180089  
0  -0.000223312  0  3.18474e-06  0.00931159  0.0172874  
0  -0.000188435  0  -0.0067519  0.0138098  0.0105301  
0  -0  -0.000132065  -0.00675475  0.0137405  0.0093939  
0  -0  -0.000123402  2.05333e-07  0.00905708  0.0181827  
-0.000124653  -0  0  0  -1.78316e-06  0.0149376  
0  -0.000183324  0  2.8906e-06  0  0.0148746  
0  -0  -0.00012304  -0.00657265  -9.84324e-07  0.0128286  
-0.00013887  -0  0  -0.00745415  -2.09302e-06  0.0260196  
-0.000171845  -0  0  0  -2.7226e-06  0.0135686  
-0.000150264  -0.000197619  -8.02281e-05  3.24185e-06  0.0101717  0.0149968  
0  -0  0  0  0.0132555  0.0134493  
0  -0.000190141  -7.04545e-05  9.18592e-07  0.0124311  0.0139784  
-0.000102635  -1.76917e-24  -0.000130542  -1.00893e-06  -2.38028e-06  0.0126334  
-0.000173369  -0  0  0  -2.53592e-06  0.00948264  
0  -0.000195251  -7.86917e-05  2.06895e-06  0.0114572  0.00879045  
0  -0  0  0  0.00954828  0.0141104  
-0.000143227  -0.000192902  0  -0.00459846  -1.72018e-06  0.0147431  
0  -0  0  0  0  0.013231  
0  -0  0  -0.00641622  0  0.0130185  
0  -0.000166522  0  1.15228e-06  0  0.0131846  
0  -0  0  0  0.00806286  0.00868742  
0  -0  0  0  0.00966661  0.0131155  
0  -0  0  0  0.00412279  0.012472  
0  -0  0  0  0  0.00599504  
0  -0  -9.68499e-05  -4.61899e-07  -7.27606e-07  0.0111652  
0  -0.000182596  0  2.13243e-06  0.0127136  0.0121373  
0  -0.000155307  0  -0.00428625  0  0.0143332  
-0.000136204  -0.000144546  0  1.63622e-06  -1.542e-06  0.0111552  
-0.000149524  -0  0  0  0.00477274  0.0110805  
0  -0  -7.43551e-05  -5.30103e-07  -6.50085e-07  0.0111089  
0  -0  0  0  0  0.0112353  
-0.000104725  -0  0  0  -1.04886e-06  -7.0799e-07  
0  -0.000149807  0  1.82937e-06  0  0.0115479  
0  -0.000157017  0  1.40437e-06  0  0.0145685  
0  -0  -6.93142e-05  -1.63596e-07  0.00816272  0  
-0.000142944  -0.000135698  0  1.37391e-06  -1.44743e-06  0.00909027  
-0.000107127  -0  -7.58208e-05  -0.00451535  -1.62457e-06  0.00899009  
-0.000118073  -0  0  0  -1.27574e-06  0.00925606  
-0.000102979  -0  -7.94591e-05  -1.31339e-07  -1.20854e-06  0.00852616  
0  -0  -6.00898e-05  4.84214e-08  -4.29289e-07  0.00921479  
0  -0.000127398  0  1.53621e-06  0  0.00967825  
0  -0.000161473  0  1.04358e-06  0  0.00793898  
0  -0  0  0  0  0.00855583  
-8.48486e-05  -0  -6.74136e-05  -1.69845e-07  -1.15098e-06  0.00764188  
0  -0  -6.32673e-05  -2.49854e-07  0.00403194  0  
-0.000107474  -0.000124241  0  8.52635e-07  -7.3763e-07  6.68164e-07  
0  -0  0  0  0  0  
0  -0.000144784  0  9.30071e-07  0  9.83139e-07  
0  -0  -5.02815e-05  4.9933e-08  0.00535177  0  
0  -0  0  -0.0027079  0.00831096  0.0081907  
-0.000113332  -0  0  0  -7.20457e-07  0.00683261  
0  -0  0  -0.00297468  0  0  
-9.10368e-05  -0  0  0  -1.7641e-07  0.00599814  
0  -0.000115376  -7.42839e-05  -1.90668e-07  -3.87988e-07  6.0267e-07  
0  -0.000148839  0  7.69388e-07  0  0.00819198  
-0.000132283  -0.000124499  0  -0.00288038  0.00953026  2.07945e-06  
-0.000338971  -0  0  0  -2.0541e-06  2.03897e-06  
-0.000111509  -9.01462e-05  0  -0.00221329  -5.10762e-07  9.54418e-07  
0  -0.000124695  0  5.07318e-08  0  6.37272e-07  
-0.000136465  -1.55321e-24  -5.73035e-05  -3.99762e-07  -1.11574e-06  9.5196e-07  
0  -0  0  0  0  0  
-0.000104888  -0  0  -0.0022348  0.00795277  7.79305e-07  
-0.000124119  -0.000106495  -9.4333e-05  -2.69946e-07  -9.75936e-07  1.45685e-06  
0  -9.60538e-05  0  -0.00219059  0.00797697  1.51272e-07  
0  -0.000104651  0  -0.00287868  0  3.99617e-07  
-0.000111031  -0  0  0  -1.24365e-07  7.04636e-07  
0  -0  -6.92977e-05  -2.24966e-07  -4.54052e-08  0.00459426  
-9.80981e-05  -0  0  0  -2.28279e-07  0.00502107  
0  -0  0  0  0  0  
0  -0  -6.66271e-05  -2.77567e-07  -3.30701e-07  0  
-9.77648e-05  -0  0  0  -1.7083e-07  4.02164e-07  
-8.22655e-05  -0  0  0  -1.64182e-07  6.96571e-07  
0  -0  0  0  0  0  
0  -0  0  0  0.00699566  0.00566293  
0  -0  0  0  0  0  
0  -0  0  0  0  0.00390077  
0  -0  0  0  0  0  
0  -0  -0.00017029  -1.90416e-07  -2.79087e-07  0  
0  -8.48446e-05  0  -1.68993e-08  0  6.21606e-07  
0  -8.95627e-05  0  3.88105e-07  0  0.00394472  
0  -0  -0.00017029  -5.50388e-07  -5.88085e-08  0  
-0.000109847  -0  -6.18352e-05  -4.45554e-07  -5.43388e-07  7.91478e-07  
0  -0  0  0  0.00516368  0  
-9.3954e-05  -0  0  -0.00221976  -1.22208e-07  6.07243e-07  
-0.000108119  -0  0  0  2.50864e-07  3.66814e-07  
0  -0  0  0  0  0  
-9.64353e-05  -0  0  0  1.8258e-07  7.61547e-07  
0  -7.63739e-05  0  1.62676e-08  0  1.78833e-07  
0  -0  0  0  0  0  
-0.000114997  -0  0  0  3.18629e-07  0.00231924  
-0.000123435  -0  0  0  1.77712e-07  6.72086e-07  
0  -0  0  0  0.00659407  0  
0  -0  0  0  0  0.00243442  
0  -0  -5.03563e-05  -4.33474e-07  -3.10344e-07  0  
0  -0  0  0  0  0  
0  -0  0  -0.00334369  0  0  
-0.000113906  -8.93281e-05  0  -4.33158e-07  5.52283e-07  9.43604e-07  
0  -0  0  0  0  0  
0  -0  0  0  0  0  
-0.000121612  -0  -0.00017029  -2.57584e-06  2.25765e-08  1.8395e-06  
0  -0  0  0  0  0  
0  0.00025  0  1.55516e-06  0  -2.11505e-08  
0  -0  -0.00017029  -2.48323e-07  -6.47692e-07  0  
-8.42625e-05  -0  0  0  3.5146e-07  0.00269626  
0  -7.46753e-05  0  -4.1937e-07  0.00484782  2.86968e-07  
0  -5.37346e-05  0  -2.4463e-07  0.00583076  3.9139e-07  
0  -0  0  0  0  0  
0  -0  0  0  0.00832708  0  
-9.1864e-05  -0  0  0  3.97174e-07  8.31734e-07  
0  -0  0  0  0.0100726  0  
0  -0  0  0  0.00907316  0  
0  -0  0  0  0.00917608  0  
-9.19622e-05  -0  0  0  6.47032e-07  2.55971e-08  
0  -0  7.19281e-05  1.42835e-07  3.29477e-07  -0.00681159  
0  -0  0  0  0  0  
0  -0  0  0  0.00445724  0  
0  -0  0  0  0  0  
-0.0030425  -0.000450194  -1.6737e-05  -0.0897534  0.161992  1.15079  
-0.0314951  0.00177609  -0.00826677  -1.12626  1.41741  5.73484  
-0.065287  -0.00329162  -0.018355  -1.89341  2.40766  9.10726  
-0.057346  -0.00272347  -0.0156048  -1.63439  3.17901  9.61242  
-0.0571653  -0.00354492  -0.0146652  -1.55895  3.33462  9.55664  
-0.0563302  -0.00339256  -0.0143606  -1.5184  3.43816  9.55949  
-0.0556307  -0.00280314  -0.0142164  -1.50379  3.47225  9.56544  
-0.0547465  -0.00278799  -0.0143979  -1.4874  3.47305  9.5768  
-0.0542602  -0.00312149  -0.0145012  -1.46648  3.4285  9.5783  
-0.0537872  -0.00274526  -0.0143549  -1.46064  3.39859  9.57576  
-0.0534187  -0.00267499  -0.0138882  -1.45268  3.36701  9.57421  
-0.0528275  -0.00290119  -0.0141075  -1.44576  3.36796  9.57217  
-0.0527978  -0.00270894  -0.0138378  -1.43126  3.39205  9.58347  
-0.0524244  -0.00293152  -0.0138834  -1.42  3.44618  9.59022  
-0.0523383  -0.00271861  -0.0137905  -1.41873  3.48439  9.59242  
-0.0521339  -0.00307567  -0.0136003  -1.40734  3.53165  9.58975  
-0.0517473  -0.00328785  -0.0134624  -1.40498  3.57816  9.59184  
-0.0519095  -0.00274531  -0.0136898  -1.3885  3.59463  9.59274  
-0.0517496  -0.00302536  -0.013805  -1.38314  3.58994  9.59166  
-0.0515288  -0.00307138  -0.0140638  -1.36979  3.57871  9.59938  
-0.0514781  -0.00295843  -0.013777  -1.37284  3.55782  9.59305  
-0.0511682  -0.00307081  -0.0135056  -1.36128  3.5491  9.59376  
-0.0512449  -0.00267724  -0.0134988  -1.36429  3.5231  9.59355  
-0.0511232  -0.00283394  -0.0136885  -1.36106  3.52673  9.59473  
-0.0508653  -0.0031196  -0.0134981  -1.35425  3.5532  9.59744  
-0.0509438  -0.00280909  -0.0135257  -1.3559  3.57372  9.59583  
-0.0508402  -0.00273246  -0.0138696  -1.36541  3.59136  9.59424  
-0.0506566  -0.00289074  -0.0134216  -1.34788  3.59935  9.60082  
-0.0507232  -0.00305718  -0.0133734  -1.34186  3.61863  9.6006  
-0.050389  -0.00332016  -0.0132778  -1.32819  3.63855  9.60631  
-0.0506131  -0.00317759  -0.013552  -1.32809  3.61196  9.59897  
-0.0505441  -0.00332161  -0.0132766  -1.32732  3.62087  9.60607  
-0.0502696  -0.00317618  -0.0133362  -1.32732  3.61367  9.60561  
-0.0503114  -0.00307087  -0.0135066  -1.32578  3.61144  9.60641  
-0.0502132  -0.00300676  -0.0133997  -1.3188  3.61527  9.60231  
-0.0502734  -0.00318382  -0.0134596  -1.31771  3.61154  9.60229  
-0.0501016  -0.00301068  -0.013316  -1.31836  3.62703  9.60402  
-0.0498497  -0.0030332  -0.0133203  -1.31817  3.62272  9.60857  
-0.050021  -0.00304852  -0.0130724  -1.3169  3.64854  9.60891  
-0.049947  -0.00315474  -0.0129131  -1.30758  3.65749  9.60872  
-0.0499495  -0.00303724  -0.0132243  -1.31761  3.65602  9.60909  
-0.0499145  -0.0031423  -0.0128536  -1.31112  3.65987  9.61285  
-0.0496288  -0.00297598  -0.0131619  -1.31779  3.66831  9.61175  
-0.0497095  -0.00304052  -0.012805  -1.31563  3.64909  9.61435  
-0.0496257  -0.00273895  -0.0130776  -1.31104  3.64803  9.61357  
-0.0497304  -0.00284895  -0.0129142  -1.30144  3.65801  9.61418  
-0.0496997  -0.00296537  -0.0127649  -1.30517  3.66218  9.6121  
-0.0495159  -0.00293683  -0.0127553  -1.2943  3.66476  9.6134  
-0.0494794  -0.00293256  -0.0128329  -1.29882  3.67123  9.6132  
-0.0492793  -0.00284313  -0.0128077  -1.29458  3.68031  9.61223  
-0.0492805  -0.00289486  -0.0127876  -1.29713  3.68447  9.61691  
-0.0494113  -0.00275788  -0.0126866  -1.29736  3.6881  9.61265  
-0.0492382  -0.00277915  -0.0126748  -1.29695  3.68625  9.61194  
-0.0494147  -0.00279059  -0.012773  -1.28962  3.68868  9.61268  
-0.0492693  -0.00279897  -0.0129536  -1.2897  3.69031  9.61206  
-0.0492958  -0.0031577  -0.0128097  -1.27873  3.68402  9.61268  
-0.0492754  -0.00321361  -0.0126774  -1.27494  3.68842  9.61888  
-0.0492419  -0.00315071  -0.0126432  -1.27519  3.68359  9.61467  
-0.0491304  -0.00325485  -0.0125216  -1.27278  3.69427  9.62084  
-0.0490308  -0.00335137  -0.0125727  -1.2719  3.69849  9.6216  
-0.0491288  -0.00289668  -0.0126126  -1.28396  3.69632  9.62102  
-0.0487542  -0.00315574  -0.0126671  -1.27381  3.70536  9.61778  
-0.0487343  -0.00319471  -0.0124741  -1.2726  3.71032  9.62199  
-0.0489377  -0.00320891  -0.0125081  -1.27267  3.69947  9.62322  
-0.0489586  -0.00329655  -0.0124719  -1.2718  3.70863  9.62331  
-0.0488568  -0.00314514  -0.0126835  -1.27393  3.71035  9.62176  
-0.0487015  -0.00314091  -0.0126371  -1.27376  3.7163  9.62473  
-0.0488336  -0.0031316  -0.0126718  -1.27396  3.71705  9.62233  
-0.0488351  -0.00312784  -0.0124121  -1.27281  3.70762  9.62473  
-0.0487977  -0.00312981  -0.0126955  -1.26853  3.71543  9.62229  
-0.0486123  -0.00306808  -0.0127906  -1.27497  3.72103  9.6253  
-0.0487512  -0.00296082  -0.0126601  -1.27302  3.72244  9.61987  
-0.0487538  -0.00340002  -0.0124227  -1.27071  3.72573  9.62647  
-0.0488518  -0.00324762  -0.0125549  -1.2643  3.72074  9.62446  
-0.0485983  -0.00296365  -0.0127994  -1.27582  3.72764  9.61837  
-0.0486056  -0.00299356  -0.0125625  -1.26394  3.72886  9.62566  
-0.0485193  -0.00299334  -0.0124186  -1.26479  3.72925  9.62709  
-0.0484383  -0.00305499  -0.0124106  -1.26094  3.72868  9.62202  
-0.0482489  -0.00316369  -0.0125463  -1.26266  3.73582  9.62667  
-0.0484874  -0.00312981  -0.0125461  -1.25758  3.73088  9.62764  
-0.0486377  -0.00285717  -0.012302  -1.26274  3.70901  9.6252  
-0.0484859  -0.00302635  -0.0124016  -1.26064  3.73696  9.62808  
-0.0482145  -0.00313733  -0.0123724  -1.25607  3.74269  9.62875  
-0.0483993  -0.00307931  -0.0125476  -1.25679  3.73639  9.62868  
-0.0481591  -0.00329648  -0.0123521  -1.25489  3.74321  9.62882  
-0.0483388  -0.00273057  -0.0123117  -1.2617  3.73927  9.62803  
-0.0482213  -0.00281137  -0.0125589  -1.25786  3.74363  9.62745  
-0.048276  -0.00282839  -0.0126179  -1.26128  3.74495  9.62902  
-0.0482192  -0.00288394  -0.0123054  -1.2587  3.74228  9.62831  
-0.048058  -0.00310924  -0.0125719  -1.24225  3.7467  9.63068  
-0.0483061  -0.00311022  -0.0123398  -1.25262  3.74625  9.6293  
-0.0482656  -0.00283617  -0.0125667  -1.25713  3.7414  9.62957  
-0.0482726  -0.00275992  -0.0122445  -1.26472  3.74267  9.63043  
-0.0483369  -0.00315529  -0.0122309  -1.24975  3.74563  9.63043  
-0.0483122  -0.00276537  -0.0125612  -1.25231  3.72865  9.62328  
-0.0482983  -0.00280203  -0.0122487  -1.25023  3.74706  9.62923  
-0.0483118  -0.00249406  -0.0122177  -1.25935  3.73825  9.62843  
-0.0482722  -0.00332763  -0.01227  -1.24455  3.74569  9.63575  
-0.0483554  -0.00279027  -0.0123708  -1.24884  3.74994  9.62747  
-0.0482238  -0.00325254  -0.012494  -1.23085  3.7516  9.63714  
-0.0481775  -0.0029538  -0.0122845  -1.25213  3.75031  9.63139  
-0.0481389  -0.00302087  -0.0123635  -1.24685  3.75213  9.63593  
-0.0481705  -0.00281364  -0.0123195  -1.24945  3.75266  9.62941  
-0.0482311  -0.00321904  -0.0121822  -1.242  3.75052  9.62431  
-0.0481819  -0.00338568  -0.0123613  -1.2292  3.75138  9.63307  
-0.0481242  -0.00346163  -0.0124168  -1.22888  3.75561  9.63293  
-0.0481955  -0.00307339  -0.0122788  -1.24121  3.76393  9.63267  
-0.048179  -0.00323238  -0.0122998  -1.23012  3.75446  9.63283  
-0.0480484  -0.00330083  -0.0121955  -1.22909  3.75994  9.63236  
-0.0480915  -0.00368826  -0.0121495  -1.22591  3.7613  9.63311  
-0.0480546  -0.0030012  -0.0125551  -1.24301  3.76056  9.63196  
-0.0480908  -0.00317381  -0.0122506  -1.24031  3.77011  9.63237  
-0.0481707  -0.00367479  -0.0121974  -1.22624  3.75721  9.6341  
-0.0480811  -0.00296264  -0.0123186  -1.23224  3.74506  9.63201  
-0.0480817  -0.00301875  -0.0121629  -1.23109  3.75931  9.6321  
-0.0480628  -0.00341309  -0.0122086  -1.22828  3.76227  9.63058  
-0.048082  -0.0033362  -0.0122004  -1.22882  3.7605  9.63255  
-0.0481105  -0.00300448  -0.0121724  -1.24905  3.76083  9.63438  
-0.0479653  -0.00325417  -0.0122267  -1.23484  3.76017  9.63195  
-0.0480711  -0.00331652  -0.0123115  -1.22945  3.76873  9.63245  
-0.0479739  -0.00314629  -0.0123384  -1.23877  3.76336  9.6318  
-0.0478448  -0.00328981  -0.012195  -1.22915  3.76962  9.63493  
-0.0481485  -0.00330136  -0.0122585  -1.22933  3.75447  9.63278  
-0.0477133  -0.00299031  -0.0122044  -1.22904  3.7711  9.63049  
-0.0479338  -0.00312208  -0.0122049  -1.23049  3.76941  9.63161  
-0.0478525  -0.00296964  -0.0122352  -1.23548  3.76214  9.63103  
-0.0478957  -0.00302968  -0.0121639  -1.23098  3.76282  9.63437  
-0.0480313  -0.00332971  -0.0122327  -1.22903  3.76656  9.63231  
-0.0480716  -0.00305108  -0.0121538  -1.23082  3.74445  9.63212  
-0.047743  -0.00291845  -0.0121723  -1.24186  3.77208  9.63051  
-0.0479132  -0.00297708  -0.0121085  -1.23113  3.75999  9.63133  
-0.0479031  -0.00310433  -0.0121065  -1.23015  3.76274  9.63145  
-0.0478905  -0.00290294  -0.0123966  -1.233  3.77347  9.63453  
-0.0477201  -0.00295005  -0.0121418  -1.23146  3.77586  9.63043  
-0.0478925  -0.00311494  -0.0122095  -1.23049  3.77613  9.63642  
-0.0478879  -0.00305935  -0.0121776  -1.2308  3.76774  9.63504  
-0.0479334  -0.00332717  -0.0121642  -1.22868  3.76952  9.63188  
-0.0479017  -0.00314658  -0.0121727  -1.23011  3.7615  9.63591  
-0.0478344  -0.00299365  -0.0121448  -1.23114  3.77637  9.63099  
-0.0478224  -0.0028615  -0.0120317  -1.22961  3.76747  9.63074  
-0.0477383  -0.00286726  -0.0120567  -1.23171  3.77238  9.63042  
-0.0475834  -0.00288528  -0.0122611  -1.23252  3.77941  9.62974  
-0.0477898  -0.00314204  -0.0120568  -1.22959  3.7795  9.631  
-0.0478751  -0.00307053  -0.0120443  -1.2301  3.77459  9.63126  
-0.0477248  -0.0028522  -0.0120798  -1.2319  3.78471  9.63032  
-0.0478094  -0.0030926  -0.012015  -1.22974  3.77536  9.63102  
-0.0476255  -0.00309206  -0.0120401  -1.22345  3.78265  9.63021  
-0.0477935  -0.00282931  -0.012015  -1.23175  3.78401  9.63058  
-0.0488945  -0.0022759  -0.01249  -1.23737  3.75024  9.62403  
