-0.000415126  -3.90456e-05  -0.000532471  -0.0203977  -0.0103439  -0.0745866  
-0.000415126  -4.58024e-05  -0.000435686  -0.01916  4.50846e-05  -0.0812978  
-0.000594202  0.000222445  -0.000407264  -0.020935  6.82928e-05  -0.0817385  
-0.000608236  0.000216362  -0.000423771  -0.0193099  7.06604e-05  -0.0815625  
-0.000415126  -0.00015951  -0.000403162  -0.0216834  4.51126e-05  -0.0817553  
-0.000528062  -0.000144716  -0.000342856  -0.0197634  -0.00720281  -0.0813361  
-0.000514089  9.81785e-05  -0.000421624  -0.0187066  5.8731e-05  -0.0815635  
-0.000495095  -0.000130554  -0.000413303  -0.0205745  -0.0101207  -0.0810293  
-0.00050484  -0.000127109  -0.000573553  -0.0194043  -0.00930929  -0.0770439  
-0.000415126  7.80515e-05  -0.000407058  -0.0181796  -0.0102525  -0.0813162  
-0.000415126  -8.2524e-05  -0.000424545  -0.0188653  4.52935e-05  -0.0782001  
-0.000415126  -0.000503489  -0.000508026  -0.0186174  4.43486e-05  -0.0744699  
-0.00057046  -0.000118383  -0.000416849  -0.0186938  6.52174e-05  -0.0816368  
-0.000415126  -0.000154306  -0.000407909  -0.0177531  4.868e-05  -0.0740374  
-0.000415126  -0.000134072  -0.000404909  -0.0180524  4.66175e-05  -0.0783991  
-0.000415126  -0.000124005  -0.000539262  -0.0196529  4.37689e-05  -0.0823775  
-0.000530608  -0.000150186  -0.000403173  -0.017859  6.31734e-05  -0.0750416  
-0.000415126  -0.000189837  -0.000378165  -0.0182183  4.62872e-05  -0.0815786  
-0.000534304  -0.000113343  -0.000398382  -0.0195771  -0.00318935  -0.0829971  
-0.000415126  -0.000503489  -0.000320202  -0.0161737  5.13071e-05  -0.0816104  
-0.000415126  -0.000503489  -0.000491881  -0.0152539  -0.00857332  -0.0818989  
-0.000415126  -0.00011043  -0.000467246  -0.0170843  4.75731e-05  -0.0825496  
-0.000415126  -0.000222109  -0.000268828  -0.0186061  5.15589e-05  -0.0850039  
-0.000415126  -7.3713e-05  -0.000517186  -0.0162172  4.47702e-05  -0.082031  
-0.000544408  -9.56743e-05  -0.000365114  -0.0160459  6.59704e-05  -0.0744549  
-0.000415126  -0.000154745  -0.000345537  -0.0195815  5.01182e-05  -0.0872289  
-0.000574845  -4.56093e-23  -0.000420672  -0.023978  6.863e-05  -0.0823201  
-0.000589629  -7.80496e-24  -0.000416293  -0.0173452  7.17914e-05  -0.08293  
-0.00056373  -0  -0.000445144  -0.0166406  6.93651e-05  -0.0831168  
-0.000580245  -0  -0.000423048  -0.0173278  7.13729e-05  -0.0783145  
-0.000558609  -0  -0.000411821  -0.0169675  -0.00687842  -0.0826682  
-0.000566229  -0.000102168  -0.00040246  -0.0167822  -0.00778169  -0.0789452  
-0.000572969  -0  -0.000414263  -0.0160889  6.98227e-05  -0.0828843  
-0.00057264  4.36373e-23  -0.000402483  -0.0168592  7.08989e-05  -0.0800818  
-0.000415126  2.17925e-23  -0.000402001  -0.0170503  5.05603e-05  -0.0821626  
-0.000575181  -4.39821e-23  -0.000405663  -0.0165811  6.88627e-05  -0.0831602  
-0.000415126  -0  -0.000403425  -0.0240573  4.69136e-05  -0.0783735  
-0.000552607  -5.06858e-05  -0.000312947  -0.0175574  -0.00852788  -0.0829865  
-0.000536045  -0  -0.000336597  -0.0165231  6.64899e-05  -0.0764922  
-0.000543815  -0  -0.000346091  -0.0163888  6.8346e-05  -0.0795931  
-0.000415126  -0  -0.000339117  -0.016891  5.14555e-05  -0.080014  
-0.000573659  0.000167944  -0.000301521  -0.0168368  7.24023e-05  -0.0786878  
-0.000415126  -6.3525e-05  -0.000307637  -0.0165975  -0.00730213  -0.0835499  
-0.000533869  -2.64698e-23  -0.000309944  -0.0169618  6.75644e-05  -0.0863885  
-0.000415126  -0  -0.000340318  -0.0140564  -0.017059  -0.0764377  
-0.00052827  -0  -0.000308612  -0.0161995  -0.00774938  -0.071623  
-0.000531805  -0  -0.000260178  -0.0163148  -0.00513876  -0.083001  
-0.00057736  -0  -0.00036911  -0.0167803  7.29033e-05  -0.0833624  
-0.000415126  -0.000142131  -0.000311272  -0.010184  -0.00237762  -0.0822883  
-0.000415126  -0.000109484  -0.000296388  -0.0129225  5.36719e-05  -0.0823629  
-0.000609695  6.10272e-23  -0.000318736  -0.0169963  7.85224e-05  -0.0845062  
-0.000415126  -0  -0.000318943  -0.013775  -0.00241955  -0.0822914  
-0.000415126  -0  -0.00038876  -0.013346  -0.00377583  -0.077505  
-0.000415126  -0  -0.000335431  -0.0129908  -0.0035865  -0.0778989  
-0.000538861  1.32349e-23  -0.000195009  -0.0130748  -0.00704419  -0.0828115  
-0.000554799  -0  -0.000329304  -0.0128218  7.14889e-05  -0.080102  
-0.000415126  -0.000371296  0  -0.00585366  5.94442e-05  -0.083139  
-0.000565335  -8.45101e-05  -0.000464434  -0.0124159  -0.00473552  -0.0812188  
-0.000415126  -0.000119242  -0.000275443  -0.0115982  5.45917e-05  -0.0774459  
-0.000415126  0.00025  0  -0.0142942  5.94488e-05  -0.0825716  
-0.000574129  3.05715e-23  -0.000281972  -0.0114377  7.40743e-05  -0.0834344  
-0.000557434  -7.71842e-05  -0.000281638  -0.0106669  7.3572e-05  -0.0837524  
-0.000415126  -0  -0.000293309  -0.0113894  5.39229e-05  -0.0884357  
-0.000518495  6.56903e-23  -0.000361745  -0.0117772  -0.00528648  -0.0842454  
-0.000566954  0.00025  0  3.29054e-05  7.94307e-05  -0.0870851  
-0.000552033  -7.9627e-05  -0.000280338  -0.0102752  7.35286e-05  -0.0839409  
-0.000552908  -8.99835e-05  -0.000256914  -0.0100012  -0.00447184  -0.0833754  
-0.000547928  -0  -0.000290296  -0.0109264  -0.00637095  -0.0841022  
-0.000415126  -0  -0.000284077  -0.0104702  5.37463e-05  -0.0786824  
-0.00056329  -0  -0.000282288  -1.16978e-06  7.44304e-05  -0.0928119  
-0.000573108  -7.15073e-05  -0.000262768  -0.00962926  7.72287e-05  -0.0849678  
-0.000585247  -8.66505e-05  -0.000274977  -1.4218e-05  7.69762e-05  -0.0790965  
-0.000564313  2.64698e-23  -0.00027285  -0.0100531  7.5132e-05  -0.0846391  
-0.000596161  0.00025  -0.000193591  3.26099e-05  8.09732e-05  -0.0928152  
-0.000565193  -7.14285e-05  0  -0.0102694  7.89448e-05  -0.0846208  
-0.000544001  -5.5409e-05  -0.000246051  -0.00253949  -0.00502347  -0.0745775  
-0.000537555  -0  0  -0.0106257  7.61333e-05  -0.0753484  
-0.000415126  -3.04763e-24  -5.62188e-05  -0.00467866  -0.00546402  -0.0844921  
-0.000518324  -0  -0.00024795  -0.00923714  -0.00889301  -0.0846546  
-0.000536206  -0.000304538  -0.000194124  -4.24567e-05  7.31544e-05  -0.0928076  
-0.000539612  -7.61096e-05  -0.00023146  -1.01348e-05  7.24397e-05  -0.0753032  
-0.000415126  -0  -0.000208222  -0.00434955  5.56919e-05  -0.085127  
-0.000524433  2.61673e-23  -0.000241351  -0.00801482  -0.00753618  -0.0800682  
-0.000415126  -5.54206e-05  -0.000375192  -0.00802285  -0.00639081  -0.0753745  
-0.000512189  -0  -0.000116058  -0.00833995  7.18052e-05  -0.085721  
-0.000415126  -5.80977e-05  0  -7.73727e-06  5.94468e-05  -0.084693  
-0.000492768  -7.23445e-05  0  -9.69611e-06  -0.00846145  -0.07613  
-0.000415126  -0  -0.000194367  -6.61754e-07  5.60825e-05  -0.0858645  
-0.000512107  -0  -0.000201576  -0.0072261  7.03706e-05  -0.0928116  
-0.000497422  -0  0  -0.00800398  7.02529e-05  -0.0852004  
-0.000497542  -0  0  -1.24712e-09  -0.00822595  -0.0873971  
-0.000528824  -0  0  -1.64704e-10  7.52682e-05  -0.0865287  
-0.000415126  5.06462e-05  -0.000224155  -0.00662823  -0.00468431  -0.0762105  
-0.00050925  6.61744e-24  -0.00010176  -2.24012e-07  7.11937e-05  -0.0862716  
-0.000415126  -0  -0.000176313  -0.00564536  5.72833e-05  -0.0861246  
-0.000415126  7.99203e-05  0  -0.00830918  5.94474e-05  -0.0928133  
-0.00050735  6.82124e-05  -0.000171827  -0.00576678  -0.00529917  -0.0928129  
-0.000415126  -0  -0.000160119  -6.41431e-07  -0.00415717  -0.0928126  
-0.000468767  -8.49465e-05  -0.000154342  -1.20331e-05  -0.0121761  -0.0871788  
-0.000415126  -0  -0.000161796  -7.31931e-08  -0.0112715  -0.0928126  
-0.000415126  -0  -0.000149465  5.77568e-08  -0.00992379  -0.0928126  
-0.000500295  -0  0  -0.00542487  -0.00660849  -0.0928124  
-0.00052141  -0  0  1.04818e-09  7.4003e-05  -0.0928118  
-0.000415126  5.27873e-05  -0.000169791  6.43932e-06  5.80036e-05  -0.0874098  
-0.000506058  -0.000174029  -0.000119562  -2.38119e-05  7.11776e-05  -0.086771  
-0.000509699  0.000194902  0  2.63608e-05  7.22385e-05  -0.0873833  
-0.000415126  -0  -0.000126846  -9.06594e-07  -0.00550359  -0.0873429  
-0.000415126  -0  0  0  5.94471e-05  -0.0928126  
-0.000415126  6.93874e-05  -0.000140633  9.7088e-06  -0.00999528  -0.0873014  
-0.000492768  -0  -0.000145151  2.52339e-07  -0.00496598  -0.0880931  
-0.00071879  -0  0  -8.85862e-10  0.000100973  -0.088096  
-0.000472787  7.2837e-05  0  -0.00439274  -0.0196813  -0.0882508  
-0.000469415  7.94743e-24  -0.000146604  -0.00345466  -0.0107918  -0.0928122  
-0.000479335  7.38098e-05  0  -0.00388289  6.82591e-05  -0.0879782  
-0.000415126  -0  -0.000119899  -5.09051e-07  5.8789e-05  -0.0928126  
-0.000415126  -0  0  0  -0.00757835  -0.0928126  
-0.000477136  -0  -0.000128005  -4.55875e-07  6.63958e-05  -0.0928123  
-0.000415126  -0  -0.000104804  -6.4598e-07  -0.00444248  -0.0928126  
-0.000476975  6.11917e-05  0  8.46365e-06  6.80014e-05  -0.0928124  
-0.000488641  -0  0  3.3755e-10  -0.0100463  -0.0928122  
-0.000467435  -0  0  -2.23579e-10  6.67969e-05  -0.0928124  
-0.000415126  5.42216e-05  0  7.73542e-06  -0.00832961  -0.0928131  
-0.000485986  6.29475e-05  -0.000101387  -0.00259598  6.85594e-05  -0.088785  
-0.000502551  -0  0  -1.36268e-10  7.15449e-05  -0.0893331  
-0.000415126  5.04133e-05  0  7.25195e-06  5.94472e-05  -0.0897101  
-0.000415126  -0  0  0  5.94471e-05  -0.0928126  
-0.000415126  -3.9958e-24  -7.37094e-05  -5.49393e-07  -0.0095014  -0.0928126  
-0.000484327  5.25892e-24  -9.701e-05  -2.60544e-07  6.83049e-05  -0.0928124  
-0.000415126  6.83247e-05  0  9.59749e-06  5.94473e-05  -0.0897568  
-0.000415126  -0  0  0  5.94471e-05  -0.0928126  
-0.000469766  0.000105244  0  1.49747e-05  -0.00394093  -0.0928135  
-0.000488496  -0  0  -6.66134e-10  6.97581e-05  -0.0928121  
-0.000475078  -0  0  -1.73245e-10  6.79291e-05  -0.0928125  
-0.000415126  7.38859e-05  0  1.0386e-05  5.94471e-05  -0.0895027  
-0.000476813  -0  0  0  6.81336e-05  -0.0928122  
-0.000415126  8.37228e-05  0  1.19766e-05  5.94472e-05  -0.0928128  
-0.000488493  -0  0  0  6.97612e-05  -0.0928126  
-0.000482623  0.000107054  -6.12927e-05  1.47199e-05  -0.00422525  -0.0903488  
-0.000415126  -0  -8.25418e-05  -6.09165e-07  5.91969e-05  -0.0903958  
-0.000415126  0.000105075  0  1.47782e-05  -0.00408225  -0.0928132  
-0.000470239  0.000125819  0  1.79701e-05  6.73183e-05  -0.0888485  
-0.000415126  0.000102948  -6.59296e-05  1.41858e-05  5.91702e-05  -0.092813  
-0.00047717  -0  0  -4.74927e-11  6.82139e-05  -0.092812  
-0.000474062  9.48964e-05  0  1.34551e-05  6.78035e-05  -0.0928126  
-0.000415126  -0  0  0  -0.00847663  -0.0928126  
-0.000415126  0.000133756  0  1.87717e-05  -0.00407398  -0.092812  
-0.000415126  -0  0  0  -0.0101818  -0.0928126  
-0.000500073  0.000141438  -5.70979e-05  1.95347e-05  -0.0114722  -0.0882875  
-0.000415126  0.000302961  0  4.33289e-05  5.94468e-05  -0.0928118  
-0.000415126  0.000118102  -5.08686e-05  0.00215968  5.95238e-05  -0.0928124  
0  -0  0  0  0  0  
-0.00264607  0.00355015  -0.000318492  -0.269544  0.392048  1.82013  
-0.0305198  0.000597376  -0.00946727  -0.742322  1.89902  5.68189  
-0.0297636  0.00114188  -0.00783627  -0.667769  2.72059  6.64218  
-0.0274113  0.00104833  -0.00576588  -0.560532  2.97025  6.47679  
-0.0254485  0.00129555  -0.0053309  -0.513624  3.09166  6.50089  
-0.0244432  0.00125732  -0.00484322  -0.487882  3.16905  6.50058  
-0.0238016  0.000954464  -0.0047145  -0.466901  3.17812  6.50933  
-0.0227755  0.000954464  -0.00469052  -0.451139  3.17109  6.52728  
-0.0226125  0.00154824  -0.00462886  -0.439531  3.15779  6.51952  
-0.0220953  0.0010254  -0.00419275  -0.419262  3.14032  6.52307  
-0.0214468  0.00113611  -0.00421224  -0.40495  3.13586  6.52473  
-0.0212527  0.00136446  -0.00405393  -0.405579  3.14096  6.52852  
-0.0209691  0.00133889  -0.00400035  -0.392923  3.17093  6.5309  
-0.0207613  0.00133662  -0.00392835  -0.395989  3.21084  6.51861  
-0.0205694  0.00155068  -0.00392553  -0.381387  3.24299  6.53149  
-0.0206489  0.00123805  -0.00368249  -0.379833  3.26593  6.53298  
-0.0201981  0.00138474  -0.00363264  -0.364725  3.29202  6.53204  
-0.0202355  0.00135185  -0.00357525  -0.366735  3.29336  6.53069  
-0.0200298  0.00162049  -0.00356807  -0.36573  3.28859  6.53953  
-0.0198464  0.00137313  -0.00353333  -0.353666  3.2857  6.53743  
-0.019712  0.0017824  -0.00373211  -0.35864  3.26598  6.53498  
-0.0195617  0.00147755  -0.00366112  -0.356137  3.25776  6.52911  
-0.019445  0.00159129  -0.00358342  -0.353594  3.25592  6.5367  
-0.0192846  0.00133123  -0.00326371  -0.346356  3.26762  6.53352  
-0.0194542  0.00153154  -0.00347753  -0.345361  3.28006  6.53866  
-0.0189816  0.00136192  -0.00318495  -0.343554  3.29625  6.53098  
-0.018966  0.00141058  -0.00336146  -0.338671  3.31253  6.5308  
-0.0189827  0.00172821  -0.00345017  -0.340001  3.32946  6.53742  
-0.0187178  0.00168778  -0.00340019  -0.337368  3.32897  6.53087  
-0.0188  0.00199936  -0.00346645  -0.339816  3.3284  6.53819  
-0.018928  0.00175001  -0.00345528  -0.330202  3.3278  6.53235  
-0.0184678  0.00154087  -0.00335654  -0.328045  3.32133  6.53906  
-0.0184367  0.00146467  -0.00331104  -0.324305  3.32157  6.54034  
-0.0185849  0.0012793  -0.00320621  -0.319702  3.31258  6.54149  
-0.0181931  0.00137181  -0.00302407  -0.3175  3.32398  6.53356  
-0.0183832  0.00175922  -0.00324988  -0.321128  3.32478  6.54314  
-0.0181052  0.00175103  -0.0031927  -0.316767  3.33684  6.53711  
-0.0180007  0.00174495  -0.00289866  -0.312237  3.35216  6.53947  
-0.0181409  0.00174271  -0.00317387  -0.313622  3.35866  6.53948  
-0.0181118  0.00205938  -0.00332825  -0.311313  3.35858  6.54041  
-0.0177025  0.00161686  -0.00308795  -0.306648  3.37231  6.53738  
-0.0181595  0.00177166  -0.00308099  -0.309166  3.36483  6.54062  
-0.0175547  0.00123529  -0.00308098  -0.307475  3.36667  6.54045  
-0.0178717  0.00147809  -0.00298525  -0.298472  3.36517  6.54122  
-0.0178117  0.00135045  -0.00300245  -0.290359  3.36589  6.54248  
-0.0174686  0.00147174  -0.00297413  -0.290884  3.36456  6.5418  
-0.0172629  0.00127335  -0.00296702  -0.289815  3.36775  6.54426  
-0.0174341  0.00122162  -0.00285335  -0.287608  3.36867  6.54204  
-0.0173804  0.00148941  -0.00288455  -0.290295  3.37506  6.54381  
-0.0171973  0.00125117  -0.00282113  -0.28946  3.38261  6.54418  
-0.0172183  0.00132464  -0.00280902  -0.288003  3.39028  6.54371  
-0.0172878  0.00141933  -0.00271365  -0.286509  3.38708  6.54402  
-0.0172346  0.0015325  -0.0028033  -0.287643  3.37778  6.53979  
-0.0174522  0.00185333  -0.00286838  -0.285787  3.3766  6.54061  
-0.0174095  0.00134952  -0.00273801  -0.284474  3.39093  6.54112  
-0.0172006  0.0016011  -0.00279593  -0.281169  3.39403  6.54654  
-0.0170725  0.00178836  -0.0029793  -0.282423  3.37856  6.54453  
-0.0169457  0.00159419  -0.00285188  -0.280893  3.39681  6.5463  
-0.0171876  0.00164199  -0.00287645  -0.284283  3.39737  6.54647  
-0.0170429  0.00160462  -0.00283775  -0.277555  3.39341  6.54743  
-0.0169617  0.00160514  -0.00289433  -0.278266  3.39692  6.5463  
-0.0171097  0.00159683  -0.00277037  -0.27871  3.39923  6.54724  
-0.0170571  0.00151448  -0.00272223  -0.275977  3.41009  6.5494  
-0.016784  0.0016159  -0.00281912  -0.275628  3.4058  6.54631  
-0.0167745  0.00156769  -0.00280082  -0.274421  3.40717  6.54736  
-0.0169267  0.0014238  -0.00274601  -0.274483  3.40333  6.54703  
-0.0170708  0.00150605  -0.00278569  -0.27527  3.39664  6.54956  
-0.0169414  0.00151539  -0.00274177  -0.275185  3.39694  6.54895  
-0.0169335  0.00143412  -0.00268111  -0.271939  3.40053  6.54784  
-0.0169606  0.00142625  -0.00266633  -0.268371  3.4064  6.54892  
-0.0169002  0.00157533  -0.0027089  -0.276573  3.40567  6.54914  
-0.0168828  0.00147198  -0.00266875  -0.266377  3.41463  6.54829  
-0.0168383  0.00166799  -0.00272175  -0.269322  3.40864  6.54823  
-0.016885  0.00126991  -0.00260625  -0.261695  3.40875  6.55092  
-0.016825  0.0015005  -0.00276208  -0.267775  3.41283  6.55028  
-0.0166121  0.00149087  -0.00263855  -0.264148  3.41369  6.54898  
-0.01679  0.00127627  -0.00258047  -0.260832  3.41508  6.54855  
-0.0167994  0.00154175  -0.00263693  -0.268942  3.40054  6.54847  
-0.0168805  0.00152413  -0.0026524  -0.263474  3.39715  6.54467  
-0.0166373  0.00144237  -0.00260565  -0.264391  3.4068  6.54827  
-0.0170484  0.00144758  -0.00261761  -0.265954  3.39724  6.54571  
-0.0167817  0.00166867  -0.00266096  -0.266168  3.40595  6.54449  
-0.0167711  0.00143025  -0.00259992  -0.26196  3.40414  6.546  
-0.0165898  0.00168613  -0.00269787  -0.269055  3.40084  6.54282  
-0.0168168  0.00177734  -0.00262698  -0.260947  3.40049  6.5443  
-0.0167795  0.00170935  -0.00257287  -0.261847  3.40493  6.54438  
-0.0165529  0.00164482  -0.00256628  -0.260224  3.41013  6.54663  
-0.016212  0.00190183  -0.00263349  -0.261426  3.41699  6.54902  
-0.016543  0.00187205  -0.00267728  -0.263275  3.40243  6.54605  
-0.0165072  0.00163053  -0.00258315  -0.254915  3.40288  6.54521  
-0.016916  0.00188786  -0.00262289  -0.273288  3.4053  6.54641  
-0.0166417  0.0016993  -0.00255841  -0.26963  3.41252  6.54902  
-0.0166933  0.00171686  -0.00263896  -0.256192  3.40609  6.54437  
-0.0164742  0.00146353  -0.0025035  -0.253629  3.41541  6.54413  
-0.0166375  0.00157303  -0.0025383  -0.254209  3.40411  6.54493  
-0.0169339  0.00172595  -0.00255438  -0.267485  3.40097  6.54525  
-0.0164329  0.00178419  -0.00255871  -0.269065  3.41607  6.54719  
-0.0164319  0.00157661  -0.0026429  -0.252107  3.41578  6.54369  
-0.0162751  0.00148399  -0.0024656  -0.254073  3.41743  6.54781  
-0.0164751  0.00186173  -0.00262634  -0.257225  3.42081  6.55051  
-0.0162631  0.00142114  -0.00275518  -0.253857  3.42677  6.54943  
-0.0165088  0.00162259  -0.00282799  -0.25662  3.42152  6.54907  
-0.0164752  0.00186882  -0.00253316  -0.259253  3.41593  6.54799  
-0.0162065  0.00171161  -0.00253994  -0.255994  3.42681  6.5469  
-0.0165087  0.00149428  -0.00221669  -0.253735  3.42515  6.54884  
-0.0162238  0.00150283  -0.00249648  -0.253163  3.42785  6.5489  
-0.0160954  0.00148483  -0.00248204  -0.256372  3.4293  6.54011  
-0.0163558  0.00165921  -0.00247895  -0.262096  3.41379  6.54276  
-0.0160827  0.00114815  -0.00240901  -0.250952  3.43069  6.54915  
-0.0161512  0.0017348  -0.00255242  -0.249013  3.42092  6.54694  
-0.0162647  0.00167581  -0.00251112  -0.262088  3.4228  6.54771  
-0.0164591  0.00171325  -0.00248292  -0.251779  3.41577  6.54537  
-0.016237  0.00147697  -0.00242801  -0.24512  3.4137  6.544  
-0.0164264  0.00172343  -0.00251134  -0.253576  3.41684  6.54551  
-0.0165282  0.00173498  -0.00260172  -0.251302  3.42092  6.54692  
-0.0162417  0.00179014  -0.00245427  -0.247428  3.41367  6.54447  
-0.0164228  0.00202438  -0.00251809  -0.255013  3.41269  6.54722  
-0.0164281  0.0019599  -0.0024956  -0.253636  3.42251  6.54735  
-0.0166892  0.0012868  -0.00239454  -0.250371  3.41132  6.54525  
-0.0166892  0.00131812  -0.00237291  -0.250588  3.41133  6.54736  
-0.016227  0.00206686  -0.00251768  -0.260576  3.42355  6.54456  
-0.0164211  0.0013299  -0.00240899  -0.248143  3.42108  6.54697  
-0.0164435  0.00179592  -0.00251196  -0.249335  3.41697  6.54675  
-0.0163317  0.00179132  -0.00244239  -0.250072  3.41777  6.54607  
-0.0161587  0.00173485  -0.00250203  -0.251789  3.42141  6.54437  
-0.0161485  0.00168408  -0.0024256  -0.257539  3.41417  6.54676  
-0.0161671  0.00138733  -0.00240176  -0.247674  3.43435  6.54607  
-0.0163537  0.00136783  -0.00238016  -0.244199  3.4131  6.5442  
-0.0166892  0.00183947  -0.00250704  -0.246207  3.41428  6.54541  
-0.0161891  0.00196936  -0.00246473  -0.256587  3.42287  6.54461  
-0.0164454  0.00137055  -0.00235852  -0.247744  3.41263  6.54653  
-0.0162888  0.00139011  -0.00237287  -0.247991  3.42117  6.54606  
-0.0165086  0.00137985  -0.00235846  -0.247746  3.41746  6.54634  
-0.0163857  0.0013836  -0.00239452  -0.246886  3.41293  6.54637  
-0.0166892  0.00138518  -0.00235128  -0.247546  3.41133  6.54768  
-0.0163543  0.00138869  -0.00235116  -0.246091  3.41311  6.54759  
-0.0163076  0.0017074  -0.00256457  -0.243532  3.41718  6.54688  
-0.016337  0.00141678  -0.00237281  -0.246541  3.41319  6.54983  
-0.0164881  0.00139866  -0.00236554  -0.246907  3.4124  6.54884  
-0.0163472  0.00142219  -0.00229464  -0.245734  3.41317  6.55075  
-0.016371  0.00140988  -0.00239448  -0.24712  3.42047  6.54588  
-0.0162948  0.00145833  -0.00230792  -0.245663  3.41345  6.5516  
-0.0163763  0.00144772  -0.00236564  -0.246337  3.41299  6.5504  
-0.0160863  0.00136534  -0.00238001  -0.245575  3.42099  6.54648  
-0.0162872  0.00137697  -0.0023368  -0.244864  3.41347  6.54679  
-0.0163192  0.00136816  -0.0023151  -0.244353  3.41331  6.54746  
-0.0162063  0.00132807  -0.00224114  -0.24374  3.41868  6.54782  
-0.0161631  0.00148129  -0.00227927  -0.244805  3.41415  6.54465  
-0.0169744  0.00248713  -0.00263225  -0.260457  3.40966  6.54416  
