0  -0.000183274  -0.000293347  -0.0121733  -0.0163503  0.00796795  
0  -0.000201698  0  -0.0140532  0  0.00664958  
-6.36646e-05  -0  -0.000177052  -0.0145801  -4.74489e-06  -7.89987e-07  
0  -0  -0.000150437  -0.0148483  -3.60775e-06  0.0062176  
0  -0  0  -0.0212833  0  0.00615356  
0  -0.000187537  0  -0.0135393  -0.0082039  4.13489e-06  
0.00027864  -0  0  -0.0139972  4.47102e-06  7.12933e-06  
0  -0.000190504  0  -0.0199363  -0.00681321  0.00573937  
0  -0  -0.000142212  -0.0130181  -3.04609e-06  0.00589949  
-6.15929e-05  -0  0  -0.0144564  -0.00257445  -7.85407e-07  
-9.83182e-05  -0  0  -0.0146003  -5.39809e-07  0.00384844  
0  -0  -0.000136692  -0.0210173  0.00555795  0.00690149  
-9.33611e-05  -0  0  -0.0145353  -5.25884e-07  -9.94584e-07  
0  -0  0  -0.0142454  0.0040571  0.00489442  
-7.39243e-05  -0  0  -0.0137733  -7.37306e-07  0.00594419  
-7.49402e-05  -0  0  -0.00902138  -7.51671e-07  -6.03403e-07  
0  -0  0  -0.00997153  0  0  
0  -0.000168005  0  -0.00845815  0  0.00472285  
0  -0  0  -0.00888016  0  0.00568666  
-8.10244e-05  -0  0  -0.0210691  -1.14287e-06  -6.11154e-07  
0  -0  0  -0.0137937  0  0  
0  -0  0  -0.0130897  0  0.00577605  
-7.25804e-05  -0  -0.000139875  -0.0097401  -3.03321e-06  -7.90485e-07  
0  -0  0  -0.0145093  0.0035868  0  
-8.00117e-05  -0  0  -0.0124466  -0.00681212  -7.88293e-07  
-8.88975e-05  -0  -0.000139704  -0.0114206  0.00205707  -8.14012e-07  
0  -0.000141719  0  -0.0114948  0  2.66492e-06  
0  -0  -0.000102474  -0.00705809  -1.97051e-06  0  
0  -0  0  -0.0217757  0  0  
0  -0  0  -0.0119816  0  0  
0  -0  0  0  0  0  
0  -0  0  -0.0122388  -0.00681159  0  
-5.31887e-05  -0  -0.000106939  -0.0175205  -2.3278e-06  -2.49612e-07  
-7.02271e-05  -0  0  -0.0115221  -3.75986e-07  0.00413143  
0  -0  -0.000122533  -0.0107933  -1.83461e-06  0  
0  -0  -9.9305e-05  -0.0139022  -1.68562e-06  0.0043388  
-5.34286e-05  -0  -0.000115978  -0.0173126  -2.23017e-06  -5.71005e-07  
0  -0  0  -0.0104326  0  0  
0  -0  0  -0.0102571  0  0.00312536  
0  -0  0  -0.0051501  0  0  
-7.26758e-05  -0  0  -0.0103002  -3.11133e-07  -6.02582e-07  
0  -0.000153187  -8.07877e-05  -0.00882222  -9.80086e-07  1.85836e-06  
0  -0.000142769  0  -0.00937097  0.00217975  1.08016e-06  
0  -0  0  -0.00811214  0.00316934  0.00463984  
0  -0.000139109  0  -0.00810998  0  0.00334602  
0  -0.000117997  0  -0.0157791  0  1.92879e-06  
0  -0  0  -0.00968663  0  0.00395437  
0  -0  0  -0.00976845  0  0.00393979  
-5.23636e-05  0.00025  0  -0.00518591  1.3878e-07  -2.83164e-06  
0  -0  0  0  0  0  
-6.52863e-05  -0  0  0  -4.5282e-07  -6.4339e-07  
0  -0  -7.69876e-05  -0.00865814  -7.14463e-07  0  
0  -0  0  0  0  0.00408149  
0  -0  -8.13492e-05  -0.00814386  0.00228584  0  
0  -0.000128214  -7.27879e-05  1.32664e-06  -8.95136e-07  1.57668e-06  
-7.31403e-05  -0.000109979  -6.427e-05  -0.00816296  -1.0789e-06  1.47566e-06  
0  -0  0  0  0  0  
0  -0  0  -0.015659  0  0  
0  -0  0  -0.00777048  0  0  
0  -9.06159e-05  0  1.57358e-07  0  1.03978e-06  
0  -0.000120036  -5.66617e-05  1.35201e-06  -6.60792e-07  0.00380985  
-7.32271e-05  -0  0  -0.00842966  -6.99241e-07  0.00349248  
0  -0  0  -0.0142829  0  0  
-6.73612e-05  -0  0  0  -1.93666e-07  0.00338134  
-5.09497e-05  -0  -5.97805e-05  8.51382e-09  -1.30737e-06  -7.29724e-09  
0  -0.000101992  -0.00017029  1.67067e-06  -2.66703e-06  1.59726e-06  
0  -0  -6.59976e-05  3.15379e-07  -7.86313e-07  0  
-6.40384e-05  -0  0  0  -2.93701e-07  -5.28612e-07  
0  -0  0  -0.00743709  0  0  
0  -9.83128e-05  0  6.15296e-07  0  1.659e-06  
0  -0  0  -0.00693263  0  0  
0  -0  0  0  0  0.00320004  
0  -0  0  -0.0061613  0  0  
-0.00017029  -0  0  0  -1.15526e-06  -6.00515e-07  
-0.00017029  -0  0  0  -0.00792734  0.00211373  
0  -0  0  -0.00623656  0  0  
0  -0  0  0  -0.00635036  0  
0  -0  0  -0.00609879  -0.00439067  0  
-7.226e-05  -0  0  -0.00647139  -1.05029e-07  0.00307403  
0  -0  0  0  0  0  
0  -0  -5.37243e-05  4.64849e-07  -6.14996e-07  0  
0  -0  -5.12865e-05  6.81837e-08  -3.9152e-07  0  
0  -0  0  0  0  0  
0  -0  0  0  0  0  
5.76904e-05  -9.41738e-05  0  -2.59953e-08  -1.58574e-08  1.73023e-06  
-0.00017029  -0  0  0  -2.6706e-07  -1.36921e-06  
0  -0  0  0  0  0.0022586  
0  -9.38607e-05  0  -0.00435392  0  1.13609e-06  
0.00027864  -0  0  0  1.24885e-07  2.15129e-06  
0  -9.43134e-05  0  4.58327e-07  0  8.63669e-07  
0  -0  0  0  0  0  
0  -0  0  0  0  0.00233952  
0  -0  0  0  0  0  
0  -0  -6.18352e-05  4.41403e-07  -6.20887e-07  0  
0  -7.80817e-05  0  -4.6929e-08  0  5.70659e-07  
0  -0  -7.03538e-05  7.68988e-07  -7.24437e-07  0  
5.15063e-05  -0  0  0  3.70905e-07  2.70119e-07  
0  -0  -5.65262e-05  -6.801e-09  -3.32995e-07  0  
0  -6.54357e-05  0  -7.17325e-08  -0.00205419  9.22603e-07  
0  -0  0  0  0  0  
0  -6.7787e-05  0  1.7284e-07  0.00207373  5.11892e-07  
0  -0.00017029  0  -3.65727e-07  0  1.94118e-06  
0  -0  0  0  0  0  
0  -0  0  0  0  0  
0  -0  -0.00017029  5.35167e-07  -1.47881e-06  0  
-0.00017029  -0  0  0  2.18366e-07  -5.0408e-08  
8.46436e-05  -7.05868e-05  0  -3.65237e-07  0.00232294  4.56512e-07  
0  -0  0  -0.01357  0  0  
0  -0  -0.00017029  -4.62245e-07  -1.43469e-06  0  
0  -0  0  0  0  0  
0  -5.9037e-05  0  -0.00227326  0  4.877e-07  
6.77681e-05  -0  0  0  -0.00768513  3.33133e-07  
0  -0  0  -0.00272803  0  0  
0  -6.32286e-05  0  -4.07792e-07  0  3.19128e-07  
-6.40429e-05  -6.39208e-05  0  -1.83762e-07  1.84085e-07  2.53151e-07  
0  -0  0  0  0  0  
0  -0  0  0  0  0  
0  -0  0  0  0  0  
0  -0  0  0  0  0.0023825  
-5.60804e-05  -0  0  0  9.37198e-08  2.71658e-07  
0  -0  0  0  0.00246227  0  
0  -0  0  0  0  0  
0  -5.26938e-05  0  -1.54328e-07  0  0.00222946  
0  -7.66596e-05  0  -2.85344e-08  0  2.01189e-07  
0  -0  0  0  0  0  
-6.38538e-05  -5.68229e-05  0  -3.30094e-07  3.70924e-07  7.64673e-09  
0  -0  0  -0.00681159  0  0  
-5.56071e-05  -0  0  0  -5.37838e-08  1.3613e-07  
0  -0  0  0  0  0  
0  -0  0  0  0  0  
0  -0  0  0  0  0  
0  -0  0  0  0  0  
0  -6.41327e-05  0  -2.23149e-07  0  3.88558e-07  
0  -0  0  -0.00254958  0  0  
-0.00017029  -0  0  0  6.94721e-07  -3.15935e-07  
0  -0  0  0  -0.00275088  0  
0  -0  0  0  -0.00681159  0  
0  -0  0  0  0  0  
5.15063e-05  -0  0  0  -4.56719e-07  -2.91235e-07  
0  -0  0  0  0  0  
5.15063e-05  -0  -0.00025  1.42106e-06  -8.83595e-07  2.92776e-07  
0  -0  0  0  0.00216714  0  
0  -0  0  0  0  0  
0  0.00027864  0  1.24271e-06  0  -8.02215e-07  
0  -0  0  0  0  0  
0.00013932  0.00027864  0  2.09647e-06  -1.0482e-06  9.53758e-07  
0  -0  0  0  0  0  
5.15063e-05  -0  0  0  -0.00276198  -2.19145e-08  
-0.00017029  -0  0  0  8.61359e-07  -1.14934e-06  
0  -8.49465e-05  0  3.32132e-08  0  1.90432e-07  
0  -0  0  0  0  0  
-0.00386518  -0.00077589  -4.54661e-05  -0.0834789  0.219144  0.999387  
-0.0242925  0.00115701  -0.00871821  -0.84223  2.49785  6.17622  
-0.0269767  -0.000873365  -0.0115293  -0.770985  6.69764  12.6007  
-0.0411289  -0.00448755  -0.014595  -0.651449  9.02915  15.3856  
-0.0325865  -0.00420629  -0.0133739  -0.45173  9.98638  15.8649  
-0.0292075  -0.00489643  -0.0120048  -0.327999  10.3129  15.809  
-0.0270828  -0.00533849  -0.0116621  -0.251903  10.4572  15.8046  
-0.0257913  -0.00505136  -0.0116621  -0.226634  10.4647  15.7894  
-0.0254713  -0.00478569  -0.0106548  -0.187357  10.3721  15.808  
-0.0246659  -0.0048508  -0.0100943  -0.153158  10.2684  15.7983  
-0.0245426  -0.00471017  -0.00991482  -0.140318  10.1522  15.8006  
-0.0242872  -0.00432756  -0.00990705  -0.134209  10.0985  15.8131  
-0.0238763  -0.00447357  -0.00989169  -0.12533  10.1302  15.8154  
-0.0236204  -0.00463593  -0.00965384  -0.107011  10.2023  15.8152  
-0.0236282  -0.00470855  -0.00945886  -0.102749  10.2955  15.8083  
-0.0234342  -0.00442991  -0.00980471  -0.108633  10.4095  15.8088  
-0.0230721  -0.00409802  -0.0100822  -0.108497  10.5109  15.8053  
-0.0229247  -0.00428216  -0.00974622  -0.102394  10.5571  15.8135  
-0.0227391  -0.00427964  -0.00988409  -0.0974232  10.5594  15.8061  
-0.0229174  -0.0041435  -0.00996685  -0.107982  10.503  15.8126  
-0.0227391  -0.00424238  -0.00976275  -0.102417  10.4551  15.8035  
-0.0229753  -0.0042469  -0.00979119  -0.0992934  10.3796  15.8042  
-0.0228642  -0.00430829  -0.00932616  -0.0927113  10.3336  15.8146  
-0.0226339  -0.00462784  -0.00950181  -0.073969  10.3364  15.8066  
-0.0229108  -0.00451122  -0.00944145  -0.0783512  10.3329  15.8141  
-0.0226836  -0.00396315  -0.00964892  -0.100415  10.3726  15.8011  
-0.0227141  -0.0040159  -0.00975894  -0.0991213  10.4224  15.8171  
-0.022835  -0.00448477  -0.00977895  -0.0888985  10.4536  15.8176  
-0.0226168  -0.00419638  -0.00972052  -0.0973458  10.4951  15.8171  
-0.0224649  -0.00415079  -0.0098795  -0.100002  10.497  15.8142  
-0.0229774  -0.0040643  -0.00975837  -0.0954471  10.4906  15.8204  
-0.0224834  -0.00420418  -0.0100381  -0.0926202  10.4694  15.8182  
-0.0225469  -0.00404666  -0.0100341  -0.0919793  10.4434  15.817  
-0.0226308  -0.00440748  -0.00971388  -0.085785  10.42  15.8187  
-0.022528  -0.00460437  -0.00949418  -0.0803201  10.402  15.8231  
-0.0226422  -0.00438186  -0.00971405  -0.0914259  10.3989  15.8299  
-0.0225358  -0.00419738  -0.00949418  -0.095395  10.4213  15.8161  
-0.0224714  -0.00445344  -0.0096881  -0.08469  10.4325  15.8185  
-0.0224714  -0.00461222  -0.00949418  -0.0797482  10.4474  15.8164  
-0.0224714  -0.00434536  -0.00971754  -0.0796497  10.4645  15.8158  
-0.0224714  -0.00412875  -0.00978638  -0.0941676  10.4699  15.8156  
-0.022605  -0.00395614  -0.00980235  -0.0957687  10.4652  15.817  
-0.0226095  -0.00392868  -0.0100168  -0.096941  10.465  15.8184  
-0.0224714  -0.00391203  -0.00975833  -0.0941644  10.4462  15.8169  
-0.0224714  -0.00417728  -0.00968429  -0.0927173  10.4357  15.817  
-0.0225901  -0.0042069  -0.00968435  -0.0925294  10.4245  15.8205  
-0.0224715  -0.00416947  -0.00970852  -0.0775149  10.426  15.817  
-0.0224715  -0.00430163  -0.00962344  -0.0910832  10.4272  15.8171  
-0.0226069  -0.00386482  -0.0100022  -0.0968063  10.4271  15.8184  
-0.0228112  -0.00415134  -0.00964627  -0.0919346  10.4377  15.8206  
-0.0225289  -0.0044378  -0.00965381  -0.0879397  10.452  15.8177  
-0.0224715  -0.00391246  -0.00989226  -0.0891458  10.46  15.8169  
-0.0224715  -0.00419812  -0.00963866  -0.08947  10.4532  15.8219  
-0.0224715  -0.00427089  -0.00968434  -0.0745144  10.46  15.817  
-0.0225242  -0.00381062  -0.00985406  -0.0955569  10.4521  15.8174  
-0.0224715  -0.00412594  -0.00981353  -0.0934452  10.449  15.8212  
-0.0224715  -0.00419631  -0.00964625  -0.0900886  10.4387  15.817  
-0.0224715  -0.00432599  -0.00973122  -0.0824629  10.4322  15.8171  
-0.0224715  -0.00369078  -0.00978603  -0.0946945  10.4372  15.8168  
-0.0224715  -0.00427604  -0.00963854  -0.082613  10.4339  15.8171  
-0.0225841  -0.00399858  -0.0097585  -0.0899264  10.4398  15.8181  
-0.0225847  -0.00415329  -0.0096843  -0.0745766  10.4379  15.8182  
-0.0224715  -0.00449928  -0.00966905  -0.0738302  10.4535  15.8171  
-0.0225238  -0.00411868  -0.00966144  -0.0848172  10.4594  15.8175  
-0.0224715  -0.00429857  -0.00966903  -0.0807119  10.4508  15.8171  
-0.0224715  -0.0043778  -0.00964624  -0.070011  10.4601  15.8171  
-0.0224715  -0.00435988  -0.00966905  -0.0862829  10.4601  15.8171  
-0.0225715  -0.00417882  -0.00964621  -0.0720477  10.4391  15.818  
-0.0224715  -0.00418072  -0.00962336  -0.0889233  10.4601  15.817  
-0.0228303  -0.00439088  -0.00964618  -0.0687718  10.4368  15.8208  
-0.0224715  -0.00410442  -0.00966146  -0.0894131  10.4402  15.817  
-0.0224715  -0.00386516  -0.00984882  -0.0909735  10.4401  15.8227  
-0.0225721  -0.00426501  -0.00950772  -0.0791007  10.4424  15.8181  
-0.0224115  -0.00426217  -0.00969194  -0.0706894  10.4608  15.8264  
-0.0224715  -0.00422963  -0.00966143  -0.0714052  10.4601  15.8246  
-0.0224715  -0.00423614  -0.00966968  -0.0706131  10.4601  15.817  
-0.0224161  -0.00439996  -0.0096157  -0.0847705  10.4532  15.8231  
-0.0224715  -0.00431778  -0.00961582  -0.0853613  10.4492  15.817  
-0.0224715  -0.0043697  -0.00962324  -0.0760572  10.4495  15.8234  
-0.022548  -0.00437484  -0.00959291  -0.0833566  10.4424  15.8179  
-0.0224715  -0.00437152  -0.00955506  -0.0831041  10.4601  15.8233  
-0.0224715  -0.0040547  -0.00956276  -0.0816334  10.4521  15.817  
-0.0224715  -0.00428285  -0.00960058  -0.0673797  10.4532  15.817  
-0.0224715  -0.00449965  -0.00969864  -0.0759883  10.4504  15.8171  
-0.0224715  -0.0040645  -0.00961571  -0.0878222  10.4521  15.8238  
-0.0223987  -0.00410402  -0.00960807  -0.0810499  10.4536  15.8162  
-0.0224715  -0.00422759  -0.00957762  -0.0853738  10.4401  15.817  
-0.0224096  -0.00411652  -0.0095929  -0.0706336  10.4515  15.8163  
-0.0224105  -0.00407293  -0.00960823  -0.0725753  10.4421  15.8163  
-0.0224715  -0.00406846  -0.00956262  -0.0868864  10.4601  15.8169  
-0.0224715  -0.00431386  -0.00954753  -0.0767007  10.4601  15.8255  
-0.0224715  -0.00421901  -0.00958525  -0.0778807  10.453  15.8241  
-0.0225548  -0.00434004  -0.00957777  -0.0765148  10.453  15.8252  
-0.0224715  -0.00412022  -0.00954751  -0.0852587  10.4601  15.817  
-0.0225643  -0.00409925  -0.00966251  -0.0882775  10.4589  15.8335  
-0.022355  -0.0042534  -0.00965946  -0.0778821  10.4482  15.825  
-0.0224715  -0.00400075  -0.0095928  -0.0826406  10.4601  15.8216  
-0.0224715  -0.00409059  -0.00955518  -0.0696305  10.4435  15.817  
-0.0223988  -0.00407406  -0.00960049  -0.0810333  10.461  15.8162  
-0.0225492  -0.00423688  -0.00980588  -0.0865634  10.4414  15.8178  
-0.0224716  -0.00417771  -0.00952191  -0.0782736  10.4526  15.8232  
-0.0224716  -0.00425732  -0.00965373  -0.0776424  10.4527  15.817  
-0.0224716  -0.00435794  -0.00963097  -0.0823769  10.4601  15.8252  
-0.0224716  -0.00418821  -0.00966572  -0.0679606  10.46  15.817  
-0.0224716  -0.00391738  -0.00967077  -0.0892755  10.4536  15.8169  
-0.0224716  -0.00431516  -0.00956271  -0.0753901  10.4601  15.817  
-0.0224716  -0.00404177  -0.00952498  -0.0856951  10.4601  15.8257  
-0.0224716  -0.00417212  -0.00955502  -0.0843302  10.4601  15.817  
-0.0224118  -0.00430525  -0.0095701  -0.0756357  10.444  15.8259  
-0.0224716  -0.00433104  -0.00969353  -0.0769666  10.4516  15.8254  
-0.0224716  -0.0041422  -0.00957767  -0.0835784  10.4498  15.8234  
-0.0224188  -0.00417773  -0.00954136  -0.0762735  10.4608  15.8164  
-0.0225256  -0.00410507  -0.00957782  -0.0785218  10.4542  15.8263  
-0.0224716  -0.00425042  -0.00960814  -0.0829175  10.4601  15.817  
-0.0221929  -0.00418331  -0.00970689  -0.0769591  10.4635  15.8226  
-0.0224716  -0.00424678  -0.00955503  -0.0749318  10.4601  15.8277  
-0.0223649  -0.00405719  -0.00973879  -0.0806706  10.4558  15.8265  
-0.0224716  -0.00409475  -0.00940008  -0.0763848  10.4413  15.8235  
-0.0224716  -0.00405055  -0.00954249  -0.079434  10.4482  15.8169  
-0.022389  -0.00414477  -0.00958512  -0.0664724  10.4611  15.8161  
-0.0224716  -0.00431326  -0.0095851  -0.0808731  10.4601  15.8287  
-0.0223495  -0.00443348  -0.00956239  -0.0704183  10.4544  15.8263  
-0.0223975  -0.00428209  -0.00958524  -0.0735852  10.461  15.8162  
-0.0224716  -0.00440545  -0.00947235  -0.0702654  10.4601  15.817  
-0.0224716  -0.00432525  -0.00953965  -0.072091  10.4601  15.817  
-0.0224716  -0.00400474  -0.00955488  -0.0834713  10.4485  15.8283  
-0.0224716  -0.00403734  -0.00951723  -0.0769114  10.4546  15.8208  
-0.0224716  -0.00415163  -0.00955494  -0.0749772  10.4503  15.8281  
-0.0224716  -0.00400246  -0.00950194  -0.0836596  10.4601  15.8169  
-0.0223238  -0.00432537  -0.00952456  -0.0711326  10.4619  15.8281  
-0.0224716  -0.00426447  -0.0095852  -0.0801622  10.4601  15.8299  
-0.0223968  -0.00424903  -0.00954747  -0.0726565  10.4529  15.8278  
-0.0224716  -0.0042012  -0.00953984  -0.0812869  10.4542  15.829  
-0.0224716  -0.0040269  -0.00925969  -0.079556  10.4602  15.828  
-0.0224161  -0.00400207  -0.00957763  -0.0781906  10.4608  15.8248  
-0.0223981  -0.00394445  -0.00958534  -0.0784482  10.4415  15.8204  
-0.0224716  -0.00400027  -0.00956991  -0.0779462  10.4449  15.8245  
-0.0225255  -0.00425393  -0.00953974  -0.0796448  10.4594  15.8175  
-0.0224117  -0.00415191  -0.00954737  -0.0748458  10.4579  15.8289  
-0.0224075  -0.0040234  -0.00957014  -0.078321  10.4609  15.8163  
-0.0224155  -0.00408328  -0.00951699  -0.0767623  10.4608  15.8296  
-0.0223496  -0.00402233  -0.00950963  -0.0660441  10.4616  15.8339  
-0.0224188  -0.00437339  -0.00953961  -0.079064  10.4576  15.8165  
-0.0224716  -0.00406593  -0.00946446  -0.0814476  10.4601  15.8274  
-0.0224716  -0.00397466  -0.00954746  -0.0846407  10.4601  15.8291  
-0.0224122  -0.00450132  -0.00951698  -0.0670715  10.4441  15.8267  
-0.0224716  -0.00402202  -0.00945539  -0.0766062  10.4528  15.8229  
-0.0224052  -0.00416713  -0.00962241  -0.0818137  10.4609  15.829  
-0.0410911  0.0783561  -0.0251008  -1.72781  9.25798  15.7337  
