0  -0.000147015  -0.000459192  -0.016195  -0.0122546  0.0114913  
-0.00017029  -0.000147015  -0.000460833  -0.0161982  -9.62413e-06  0.00944845  
-1.38475e-24  -0.000147015  -0.0004888  -0.0161955  -1.10123e-05  0.00671208  
0  -0.000147015  -0.000429426  -0.0161959  -9.14466e-06  -8.92649e-07  
-3.30872e-24  -5.88018e-05  -0.000434779  -0.016197  -0.00730009  -2.49547e-06  
0  -0.000147015  -0.000407172  -0.0188208  -0.00643672  0.0108919  
5.51786e-05  -0.000147015  -0.000411677  -0.0161938  -0.00964089  2.83983e-07  
5.46946e-05  -0.000147015  -0.000407802  -0.0161942  -0.0111442  2.22203e-07  
5.48127e-05  -0.000147015  -0.000412444  -0.0161918  -0.0128718  0.00952296  
0  -4.65885e-05  -0.000400849  -0.0161948  -0.0181354  0.00960517  
6.61744e-24  -0.000147015  -0.000403423  -0.0161977  -7.69346e-06  -8.92386e-07  
0  -0.000147015  -0.000405675  -0.0162  -7.87712e-06  0.00956432  
0  -4.96189e-05  -0.000401284  -0.0162019  -9.21985e-06  -3.12958e-06  
0  -0.000147015  -0.00038059  -0.0161991  -7.89913e-06  0.00886593  
0  -5.56816e-05  -0.000400519  -0.0185805  -8.49527e-06  0.00803664  
-1.32349e-23  -0.000147015  -0.00042955  -0.0161961  -6.15746e-06  -8.92621e-07  
0  -0.000147015  -0.000404234  -0.0161958  -7.12011e-06  0.00927953  
0  -0.000147015  -0.000334649  -0.016198  -5.24057e-06  0.00940734  
0  -4.53926e-05  -0.000426287  -0.0230096  -6.56945e-06  0.0046446  
0  -0.000147015  -0.000399341  -0.016195  -0.00804375  -8.92779e-07  
0  -0.000147015  -0.000328012  -0.0161987  -0.00744771  -8.92238e-07  
-5.60104e-05  -0.000147015  -0.000408044  -0.0161958  -0.00821896  0.00742152  
6.61744e-24  -0.000147015  -0.000279236  -0.0161996  -5.76934e-06  0.00896505  
0  -0.000147015  -0.000371998  -0.0161996  -6.23754e-06  0.00737282  
0  -7.69501e-06  -0.000429048  -0.0161994  -7.35431e-06  0.00840831  
1.32349e-23  -0.000147015  -0.000405923  -0.0161979  -0.00210134  0.00830962  
6.61744e-24  -0.000147015  -0.000403744  -0.016195  -0.00609963  -8.92782e-07  
-6.61744e-24  -0.000147015  -0.00039825  -0.0161955  -0.00930695  0.0079817  
0  -0.000237487  -0.000404298  -0.0204239  -7.05862e-06  6.86498e-07  
-6.61744e-24  -0.000147015  -0.00038779  -0.0136258  -0.0117623  0.00774104  
6.61744e-24  -0.000147015  -0.000257396  -0.014484  -0.0148371  0.00741186  
5.87533e-05  -0.000147015  -0.000391638  -0.0200333  -0.00909793  0.00782658  
-6.43646e-05  -0.000147015  -0.000327453  -0.0135309  -0.00642282  0.00569029  
-0.00017029  -0.000147015  -0.000407506  -0.0132987  -7.4414e-06  0.00783325  
6.61744e-24  -0.000147015  -0.000401534  -0.0124616  -6.05825e-06  -8.92323e-07  
-0.00017029  -0.000147015  -0.00040099  -0.0182074  -4.55632e-06  0.00750401  
-6.61744e-24  -0.000147015  -0.000398782  -0.0126418  -0.00565866  0.00820931  
1.32349e-23  -0.000197142  -0.000387792  -0.0124423  -0.00500218  -3.50147e-07  
-0.00017029  -0.000147015  -0.00040043  -0.0125009  -3.47628e-06  0.00602219  
-0.00017029  -0.000147015  -0.000277281  -0.0230535  -4.89738e-06  -3.1273e-06  
6.61744e-24  -0.000147015  -0.000371857  1.38094e-07  -4.37204e-06  -8.92094e-07  
-0.000142578  -0.000147015  -0.000369088  -0.0143238  -0.00971266  0.00619942  
-0.00017029  -0.000147015  0  -0.0123583  -0.00578793  -2.83134e-06  
0  -0.000147015  0  -0.0135584  1.26818e-10  0.00721392  
-5.94514e-05  -0.000147015  -0.000192249  -0.0114304  -2.44533e-06  -1.1961e-06  
0  -0.000211054  -0.000360899  -0.00952028  -0.00565855  1.37478e-07  
0  -0.000208906  0  -0.0127297  9.52056e-10  0.00676981  
5.7762e-05  -0.000147015  -0.000234324  -0.0120286  -2.13358e-06  -4.83742e-07  
0  -0.000147015  0  -0.0124121  -0.00546458  0.00676881  
6.61744e-24  -0.000147015  -0.000365286  -0.0106352  -3.29647e-06  0.00793697  
0  -8.17115e-05  -0.000185674  -0.0118674  -0.0059075  0.00700088  
-6.61744e-24  -0.000147015  -0.000347746  -0.0153951  -3.7629e-06  0.00650419  
-5.20479e-05  -0.000147015  -0.000366329  -0.0110836  -0.00534169  -1.47424e-06  
-5.60104e-05  -0.000147015  0  -2.75924e-06  7.99863e-08  -1.42748e-06  
0  -0.000147015  -0.000142158  -0.0105587  -1.77294e-06  0.00635913  
0  -7.97877e-05  -0.000204826  -1.05909e-06  -2.00166e-06  -1.54882e-06  
0  -0.000147015  0  -0.0106092  1.26818e-10  0.00757211  
0  -7.69501e-06  -0.000355429  -0.01463  -3.40602e-06  -2.22685e-06  
0  -0.000147015  -0.000349423  -0.0154987  -3.55625e-06  -8.92162e-07  
0  -0.000147015  0  -2.75924e-06  1.26818e-10  -8.91668e-07  
-0.00017029  -0.000147015  -0.000301507  -3.73302e-07  -4.82107e-06  -2.23987e-06  
0  -0.000147015  -0.000291083  -8.49276e-07  -2.98166e-06  -8.91948e-07  
0  -0.000147015  0  -0.00491259  1.26818e-10  0.0066028  
-5.23089e-05  -0.000147015  0  -2.75924e-06  -2.31043e-08  0.00613936  
0  -0.000147015  -0.000218277  -2.21803e-06  -2.28574e-06  -8.91747e-07  
0  -6.3332e-05  -0.000314127  -0.00876147  -2.31422e-06  -1.50842e-06  
0  -0.000147015  0  -2.75924e-06  1.26818e-10  -8.91668e-07  
9.07463e-24  -0.000357443  -0.000259483  -1.76061e-06  -2.90864e-06  1.04017e-06  
0  -0.000138188  0  -0.00489175  1.26818e-10  -2.7501e-06  
0  -8.05905e-05  0  -0.00478472  1.26818e-10  1.45051e-08  
0  -0.000146053  -0.000157089  -0.00895415  -2.47775e-06  -3.16835e-06  
0  -0.0001345  0  -0.00467285  0  -3.35049e-06  
0  -0.0001345  0  -0.00250253  0  -3.35049e-06  
6.61744e-24  -0.000132852  -0.000290882  -0.00845162  -2.29038e-06  -1.11981e-06  
-0.00017029  -6.89246e-05  -9.72375e-05  -1.79347e-06  -6.97783e-07  -2.52548e-06  
0  -0.000122088  0  -0.00458738  -0.01  -2.39081e-07  
0  -0.000220372  0  -1.95971e-06  0  5.82857e-07  
0  -0.000105217  0  -0.00862225  0  3.24947e-07  
0  -0.00012324  -0.000137989  -0.00882954  -1.65241e-06  -1.11532e-06  
0  -0.000123634  0  -2.68966e-06  0  -3.013e-07  
5.11104e-05  -0.000469443  0  -3.32355e-06  -2.29882e-07  3.41309e-06  
-0.00017029  -0.000109772  -0.000146305  -0.00925088  -1.45337e-06  -2.1515e-06  
-3.30872e-24  -9.00843e-05  -0.000274782  -0.00725865  -1.77355e-06  5.81449e-07  
8.93571e-05  -0  0  -0.00832963  -4.29121e-07  4.60004e-07  
-5.20479e-05  -0  -0.000282178  -0.00801812  -1.73626e-06  0.00298591  
-3.30872e-24  -9.09939e-05  -0.000254941  -1.89024e-07  -6.70145e-07  2.39189e-07  
0  -0.000121057  0  -5.17897e-07  0  7.53765e-07  
-7.80166e-05  -0  0  0  6.45058e-07  -4.59873e-07  
0  -0  0  0  0  0  
0  -0  -0.000240589  -0.00722117  -2.25132e-06  0  
0.00013932  -0  0  0  -6.12835e-07  3.70076e-07  
0  -0  -0.000256856  -0.00649548  -0.00549854  0.00470328  
0  -0  0  0  0  0  
0  -0  -0.000115655  -0.00590158  -7.80133e-07  0  
0.00013932  -0  0  -0.00753471  -5.81599e-07  0.00368359  
0  -0  -0.000121387  -0.00634081  -4.61131e-07  0  
-5.20479e-05  -0  0  0  3.67746e-07  -3.73306e-07  
-5.23089e-05  -7.48624e-05  0  -4.83609e-07  3.37874e-07  1.95403e-07  
0  -9.07078e-05  -0.000111995  -1.88241e-07  -0.00540145  7.6242e-07  
0  -6.49603e-05  0  -2.05223e-07  0  4.22702e-07  
5.15063e-05  -0  -0.000211352  1.38123e-06  -2.44065e-06  3.36708e-07  
0  -6.50224e-05  0  -3.02727e-07  0  4.99896e-07  
0  -5.31386e-05  0  -4.63922e-07  0  2.05447e-07  
0  -0  -5.27071e-05  6.77262e-08  -5.16749e-07  0  
0  -0  0  0  0  0  
0  -6.01871e-05  -0.000194116  4.9193e-07  -1.18448e-06  3.6717e-07  
0  -0  0  0  0  0  
5.59688e-05  -5.8924e-05  0  -2.44702e-07  -0.00475317  9.15523e-07  
0.00013932  -6.43379e-05  0  -4.16484e-07  -9.01816e-07  9.39045e-07  
0  -0  -0.000199243  -9.66219e-08  -0.00392885  0  
0  -5.86067e-05  0  -2.24492e-07  0  2.158e-07  
-7.80166e-05  -0  0  0  -0.0040494  -7.22574e-07  
0  -0  0  0  0  0.00279998  
0  -0  0  -0.00415674  0  0  
-0.00025  -0  0  0  1.27228e-06  1.02665e-07  
-6.05399e-05  -0  0  0  9.68676e-08  1.1506e-07  
0  -0  0  0  0  0  
0  -0  0  0  -0.00286134  0  
0  -0.000314063  0  -1.49733e-06  0  1.61331e-06  
0  -0  -0.00017458  -0.00307512  -0.00540854  0  
0  -0  0  0  0  0  
0  -7.01611e-05  0  -4.82541e-07  0  7.45577e-08  
0  -0  0  0  0  0  
-0.00017029  -0  0  0  1.94989e-06  -6.7459e-07  
0  -0  0  0  0  0  
0  -6.76698e-05  0  -0.00287164  0  2.47107e-07  
0  -5.38705e-05  0  -2.43101e-07  0  3.58526e-07  
0  -0  0  -0.00249683  -0.00379014  0  
-5.57883e-05  -0  -0.000166667  -4.72453e-07  1.74519e-09  1.58103e-07  
-7.14977e-05  -0  0  0  6.81269e-07  8.71202e-08  
-0.00017029  -0  0  0  1.14842e-06  -5.30962e-08  
5.15063e-05  -0  0  0  -3.5991e-07  3.62792e-07  
-0.00017029  -0  0  0  1.84649e-06  -3.8355e-07  
-0.00017029  -0  0  0  1.23122e-06  -7.69603e-07  
0  -0  0  0  0  0  
-6.15216e-05  0.00027864  -0.000183502  2.9869e-06  -3.18535e-07  -1.48456e-06  
0  -0  0  0  0  0  
5.15063e-05  -5.68401e-05  0  -0.00264922  -7.3567e-07  3.04073e-07  
0  -0  0  0  0  0  
-0.00017029  -0  0  0  1.61357e-06  3.13202e-07  
-0.00017029  -0  0  0  -0.00452925  -8.88823e-07  
0  -0  0  0  -0.00269342  0  
0  -0  0  0  0  0  
0  -0.00017029  0  -1.94261e-06  0  7.92137e-07  
0  -8.35921e-05  -8.35931e-05  -9.63535e-07  -3.8933e-07  3.89321e-07  
0  -0.00017029  0  -1.17838e-06  0  6.16369e-07  
0  -0  -0.000100494  1.58748e-07  1.02699e-07  0  
0  -0  0  0  0.00252006  0  
-6.62102e-05  -0  0  0  6.35071e-07  2.68105e-07  
-5.54939e-05  -0  0  0  3.83877e-07  -1.70465e-07  
0  -0  0  0  0  0  
-0.00462718  0.000107362  -0.000244954  0.0503054  0.103327  1.75051  
-0.0200433  0.00212768  -0.000219419  0.00864906  0.499756  3.59798  
-0.0194218  0.00290942  -0.000268968  -0.025335  0.705023  3.50404  
-0.0183103  0.00239684  -0.000322326  -0.0196394  0.754567  3.53753  
-0.0174926  0.00227552  -0.000212038  -0.0160632  0.799718  3.54658  
-0.0167494  0.00220889  -0.000126617  -0.0170487  0.826822  3.55472  
-0.0163554  0.00219559  -0.000243461  -0.0202956  0.836333  3.5589  
-0.0160029  0.00190205  -0.000110724  -0.0150545  0.834999  3.56331  
-0.0156502  0.00213104  -0.00022077  -0.0178414  0.831455  3.56036  
-0.015501  0.00219281  -0.000192849  -0.0187817  0.827224  3.56961  
-0.0153675  0.00229493  -9.16321e-05  -0.0173494  0.82213  3.56666  
-0.0151729  0.00227049  -0.000112678  -0.0139269  0.829477  3.57085  
-0.0150681  0.00189257  -0.000191645  -0.00758307  0.86299  3.57317  
-0.0148648  0.00157294  -0.000147608  -0.00385011  0.875273  3.57928  
-0.0147038  0.00174935  -3.65287e-05  -0.0112783  0.896888  3.58235  
-0.0145344  0.00173142  -0.000282818  -0.0111057  0.91348  3.58267  
-0.0144313  0.00183028  -4.61028e-05  -0.0119358  0.925951  3.58352  
-0.014377  0.00210307  -7.20385e-05  -0.00803759  0.922003  3.58415  
-0.0142025  0.00205269  -6.68774e-05  -0.0139931  0.924864  3.58631  
-0.0139644  0.00206351  -0.000274525  -0.00527161  0.920471  3.58375  
-0.0139768  0.00181234  -0.000257297  -0.0055005  0.914894  3.58859  
-0.0138556  0.00204401  -0.000182504  -0.00673047  0.91899  3.58983  
-0.0137564  0.00207076  -0.000245996  -0.00837736  0.915203  3.59265  
-0.0136997  0.00202613  -2.30166e-05  -0.00648923  0.926412  3.59018  
-0.0135048  0.00175807  -0.00020339  -0.00498502  0.927883  3.59213  
-0.0135489  0.00186777  -0.000241968  -0.00563436  0.941845  3.5942  
-0.0134932  0.0020618  -0.000280257  -0.00728042  0.951199  3.59374  
-0.0134456  0.00200834  -0.000184547  -0.00647675  0.95881  3.59365  
-0.0132526  0.00203519  -3.62073e-05  -0.00614534  0.956239  3.59406  
-0.0132053  0.00207068  -0.000200751  -0.0054451  0.965292  3.59536  
-0.0132877  0.00209762  -3.84697e-05  -0.00585304  0.959656  3.59578  
-0.0132838  0.00204413  -4.80721e-05  -0.00549017  0.95383  3.59698  
-0.0133636  0.00211871  -3.33641e-05  -0.00542873  0.943603  3.58809  
-0.0131992  0.00189225  -0.000241184  -0.00967092  0.95401  3.59427  
-0.0132093  0.00203464  -8.07209e-05  -0.00550654  0.950844  3.59657  
-0.0131075  0.00184793  -0.000254562  -0.00467723  0.951173  3.5989  
-0.0130824  0.00189253  -6.11825e-05  -0.0107895  0.958129  3.59911  
-0.0131375  0.00189245  -8.41323e-05  -0.00966204  0.961037  3.59903  
-0.0130282  0.00209468  -0.000326045  -0.00458639  0.967917  3.59596  
-0.0129019  0.00185703  -0.00023422  -0.00454747  0.972451  3.60153  
-0.0129334  0.00188354  -0.000238348  -0.00904183  0.966714  3.59743  
-0.0129605  0.00190161  -5.79391e-05  -0.00662027  0.965703  3.59918  
-0.0131717  0.00187526  -0.000145253  -0.00424402  0.980512  3.60032  
-0.0130894  0.00193738  -6.10037e-05  -0.00498985  0.975529  3.59649  
-0.0124342  0.00180254  -0.000202065  -0.00388462  0.982436  3.6076  
-0.0126215  0.00168642  1.12479e-05  -0.00522045  0.983204  3.60124  
-0.0125148  0.00173126  -0.000195666  -0.00629704  0.986616  3.60392  
-0.0126788  0.00204384  -0.000237766  -0.00656412  0.986294  3.60252  
-0.0126371  0.00200811  -0.000249271  -0.00480503  0.986731  3.60415  
-0.0125199  0.00198131  -0.000242411  -0.00632157  0.985874  3.60393  
-0.0125874  0.00175818  -1.3997e-05  -0.00155324  0.989352  3.60385  
-0.0125375  0.00166046  4.36231e-06  -0.0027121  0.996241  3.60598  
-0.012305  0.00174941  -0.000148668  -0.0034223  0.994417  3.60231  
-0.0123088  0.00211377  -0.000131259  -0.00460111  1.00182  3.60614  
-0.0122987  0.00202606  1.7377e-05  -0.00367307  1.00011  3.60234  
-0.0122312  0.00176716  4.24508e-05  -0.00337855  0.994853  3.60865  
-0.0123414  0.00199924  -0.000220155  -0.00782193  0.997146  3.60286  
-0.012258  0.00175834  6.59578e-05  -0.00190033  0.996025  3.60322  
-0.0124335  0.00207092  -0.000211923  -0.00333102  0.997138  3.60713  
-0.0122395  0.00210472  7.98935e-06  -0.00295436  1.00101  3.60662  
-0.0123911  0.00163772  5.7055e-05  0.00853098  0.999022  3.60527  
-0.0121819  0.00205299  -0.000203373  -0.00211904  1.00296  3.60753  
-0.0123624  0.00207987  -0.000209013  -0.00632035  1.00615  3.60712  
-0.0123258  0.00207988  -0.0002101  -0.00627671  1.00426  3.60762  
-0.0121214  0.00200848  -0.00010603  -0.00590119  1.00759  3.60739  
-0.0123113  0.00175835  5.17515e-05  -0.00107295  1.00021  3.6061  
-0.0121512  0.0017852  5.89395e-05  0.000274932  1.00295  3.61715  
-0.0122907  0.0018482  6.02857e-05  -0.000581932  0.998386  3.61092  
-0.0123062  0.00191704  5.11922e-05  0.000443045  0.998125  3.60635  
-0.0122742  0.00186601  6.71346e-05  0.00156984  0.997765  3.6136  
-0.0120628  0.00190153  3.04279e-05  0.00165193  1.00202  3.60485  
-0.0121929  0.00219773  -0.000390769  -7.83631e-05  0.999629  3.60468  
-0.0121804  0.00190165  3.05066e-06  0.00201275  1.00387  3.60548  
-0.0122412  0.00196572  -0.000162278  0.000630808  1.00083  3.60876  
-0.0121497  0.00213416  5.00097e-05  -0.000625599  1.00609  3.60856  
-0.0120503  0.001893  8.0485e-05  0.000216157  1.00973  3.60779  
-0.0121813  0.00183959  8.79164e-05  0.00177961  1.00083  3.60466  
-0.0122705  0.00213099  -0.000174927  -0.000125733  1.00068  3.60768  
-0.012182  0.00210403  -0.000341298  -0.000746252  1.00481  3.61651  
-0.0121721  0.00167423  -8.43758e-05  0.00174545  1.00552  3.60583  
-0.0120692  0.00210734  -0.00018276  -0.000513169  1.00827  3.60953  
-0.0121393  0.00200961  -0.000140546  -0.00173256  1.00965  3.60872  
-0.012347  0.00164172  -8.66417e-05  0.00293566  0.989009  3.60547  
-0.0121482  0.00196455  5.96303e-05  0.00210344  1.00453  3.60412  
-0.0121285  0.00196461  9.41088e-05  0.00240631  1.00164  3.60947  
-0.0120035  0.00196487  8.57823e-05  0.00295688  1.00667  3.60906  
-0.012059  0.00205335  0.000105516  -0.00113038  1.01436  3.61045  
-0.0120862  0.00193849  -0.00010168  0.00382855  1.00517  3.61175  
-0.0120601  0.00186551  8.55654e-05  0.00766565  1.01745  3.61129  
-0.012041  0.00238262  2.26066e-05  -0.00495937  1.01856  3.60774  
-0.0120442  0.00221312  5.75131e-05  -0.000735706  1.00472  3.61888  
-0.0119814  0.00184774  8.59961e-05  0.00665966  1.01792  3.60443  
-0.0119732  0.001901  5.15516e-05  0.00120863  1.01372  3.61021  
-0.0119581  0.00191862  3.79788e-05  -0.0034982  1.01349  3.61027  
-0.0120091  0.00187405  -9.95845e-06  -0.000792009  1.00768  3.61064  
-0.0119391  0.00196277  5.72331e-05  0.00556623  1.00976  3.60944  
-0.0119526  0.00191897  8.77744e-05  -0.00869537  1.00943  3.61121  
-0.0122361  0.00189209  8.68468e-05  0.00649388  1.00903  3.60744  
-0.0119755  0.00195256  6.52004e-05  0.00224536  1.00819  3.61139  
-0.0119542  0.00187458  1.46895e-05  0.00276191  1.00874  3.61107  
-0.01193  0.00222257  0.000109688  0.00158629  1.01068  3.60749  
-0.0119605  0.00196326  8.53175e-05  0.00234468  1.021  3.60926  
-0.0119416  0.00226259  5.84392e-05  -0.000634209  1.02308  3.61244  
-0.0118342  0.00227193  0.000106784  -0.0004864  1.02482  3.61141  
-0.011882  0.00136213  0.000160375  0.00840832  1.01655  3.61218  
-0.0119457  0.00136213  4.59251e-06  0.00922196  1.01048  3.61285  
-0.0118474  0.00144585  -1.16043e-05  0.00782907  1.02266  3.61177  
-0.011834  0.00145802  0.000199876  0.00996257  1.01439  3.60827  
-0.0118965  0.00203756  -6.82277e-05  0.00948556  1.01742  3.60721  
-0.0118938  0.00166475  6.09906e-06  0.0114707  1.01189  3.61291  
-0.0118297  0.00168483  0.000214114  0.0103744  1.02102  3.6135  
-0.0119209  0.00136213  5.32402e-06  0.00896089  1.01179  3.61219  
-0.0118525  0.00136213  0.000236585  0.0107616  1.01247  3.61695  
-0.0118975  0.00145623  0.000192824  0.00973385  1.0173  3.6221  
-0.0118982  0.00136213  0.000222656  0.0107147  1.01092  3.61224  
-0.0118525  0.00190471  0.000210032  0.0112368  1.01511  3.61352  
-0.0118674  0.0016518  0.000262354  0.0115202  1.0263  3.61689  
-0.0118003  0.00177377  2.17932e-05  0.00624186  1.01508  3.61097  
-0.0119016  0.00165475  0.000226714  0.0126391  1.0257  3.61372  
-0.0117742  0.00164632  5.91377e-05  0.0117848  1.02315  3.61464  
-0.0116195  0.0016331  -4.59773e-05  0.0112602  1.01382  3.60935  
-0.0118042  0.0016439  0.000234442  0.012425  1.03061  3.60754  
-0.011732  0.00184087  0.000174388  0.0105845  1.02807  3.61552  
-0.0118316  0.00196505  -2.09301e-05  0.010346  1.03213  3.60885  
-0.0117908  0.00168722  0.000228169  0.00793554  1.01999  3.61436  
-0.0118468  0.00188327  0.000232386  0.0112349  1.02633  3.61377  
-0.0117468  0.00196155  6.10556e-05  0.0118761  1.03023  3.60949  
-0.011835  0.00170528  -9.18374e-06  0.0112443  1.0294  3.61363  
-0.0117599  0.00188794  1.26622e-06  0.0109972  1.02858  3.6138  
-0.0118343  0.00172119  5.00021e-05  0.00817202  1.01275  3.61553  
-0.0117533  0.00191661  1.63931e-05  0.0114107  1.03192  3.61368  
-0.0118025  0.00170841  5.35111e-05  0.0138141  1.0318  3.61162  
-0.0117385  0.00165492  0.000285795  0.0138301  1.02476  3.61435  
-0.0117257  0.00167032  0.000267101  0.0122096  1.03225  3.60981  
-0.0117097  0.00183586  2.53775e-05  0.0119446  1.02574  3.61124  
-0.0117075  0.00166871  7.62975e-05  0.0125194  1.02835  3.61554  
-0.0117841  0.00168831  0.00026619  0.0130731  1.0325  3.60652  
-0.0118189  0.00179895  3.32844e-05  0.0134072  1.01383  3.61253  
-0.0118016  0.00168518  7.77469e-05  0.0131701  1.02974  3.61078  
-0.011729  0.00204383  0.00028967  0.0127154  1.02956  3.60809  
-0.0116871  0.00196445  0.000112255  0.0135936  1.02972  3.61238  
-0.0117669  0.00187155  5.84106e-05  0.00769221  1.02992  3.61708  
-0.0117713  0.00169695  7.6237e-05  0.0133178  1.03327  3.61585  
-0.0117962  0.00185006  0.000326457  0.00850131  1.02898  3.60741  
-0.0117333  0.0018785  4.13838e-05  0.011336  1.03172  3.6156  
-0.0117921  0.00201649  6.8263e-05  0.0130864  1.02417  3.6152  
-0.0117883  0.00199027  0.000313354  0.0114416  1.02552  3.61414  
-0.0117576  0.00200376  -9.32053e-06  0.012363  1.03134  3.61259  
-0.0122769  0.00252153  -2.19877e-05  0.000135866  1.01956  3.60637  
