0.0207997  0.00135452  0.00160026  0.236395  -0.841275  -2.63738  
0.0204773  0.00126597  0.0016536  0.229907  -0.84062  -2.64076  
0.0205661  0.00121011  0.00169387  0.229199  -0.840806  -2.64184  
0.0205087  0.00123278  0.00171677  0.246771  -0.840697  -2.64095  
0.0206066  0.00122711  0.00167044  0.236182  -0.840888  -2.64119  
0.0205957  0.00121471  0.00157458  0.229606  -0.840837  -2.64219  
0.0205691  0.00151316  0.00169278  0.229573  -0.840808  -2.64007  
0.0205866  0.00121118  0.00160319  0.23213  -0.849584  -2.63734  
0.0207374  0.000978043  0.00170004  0.233237  -0.841177  -2.64033  
0.0207644  0.00121735  0.00176378  0.230016  -0.841252  -2.64063  
0.0206505  0.00147711  0.00166055  0.231233  -0.840976  -2.63768  
0.0205332  0.00110712  0.00166678  0.230257  -0.835281  -2.64247  
0.0205001  0.00122022  0.00154971  0.230672  -0.830348  -2.64361  
0.0204974  0.00123539  0.0016527  0.230121  -0.840654  -2.64283  
0.0204365  0.00110632  0.00138579  0.230987  -0.829001  -2.64246  
0.0204396  0.00123746  0.00167771  0.236483  -0.826552  -2.64363  
0.0205243  0.00146118  0.00160532  0.232409  -0.826643  -2.64372  
0.0204783  0.00109355  0.00170031  0.232903  -0.840632  -2.64374  
0.0205607  0.00105414  0.00168939  0.230255  -0.840794  -2.64313  
0.0206144  0.00119041  0.00167781  0.230736  -0.840906  -2.64237  
0.0203114  0.00117602  0.00154091  0.230625  -0.840232  -2.64413  
0.0204767  0.00118051  0.00166649  0.229825  -0.838533  -2.64438  
0.0207082  0.00114105  0.00170028  0.232471  -0.833188  -2.64306  
0.0204459  0.00122765  0.00167502  0.237171  -0.824877  -2.64285  
0.0204873  0.00110878  0.0016061  0.230713  -0.840622  -2.64394  
0.0205627  0.0011481  0.00167523  0.233135  -0.828952  -2.64447  
0.0206185  0.00120311  0.00168436  0.236912  -0.832176  -2.64338  
0.0206788  0.00106866  0.00169332  0.231199  -0.841054  -2.64362  
0.0205512  0.000772946  0.00159145  0.236159  -0.840755  -2.64493  
0.0204852  0.00130291  0.00166606  0.231385  -0.840633  -2.64523  
0.0204887  0.0014413  0.00169656  0.236332  -0.834453  -2.6447  
0.020606  0.0011913  0.00166636  0.231652  -0.840891  -2.6439  
0.0206692  0.00121285  0.00166494  0.231313  -0.841021  -2.64446  
0.0204713  0.00106472  0.0017096  0.231149  -0.840619  -2.64557  
0.020283  0.00119481  0.00166962  0.231592  -0.840205  -2.64633  
0.020447  0.0009848  0.00170919  0.230955  -0.822859  -2.6474  
0.0204721  0.00116879  0.00162056  0.232296  -0.830946  -2.64696  
0.0207963  0.00121626  0.00166748  0.237779  -0.829344  -2.64647  
0.0202891  0.00119406  0.00182574  0.236898  -0.840261  -2.64736  
0.0205928  0.00120914  0.00169763  0.237292  -0.832232  -2.64582  
0.0204609  0.000960382  0.00196808  0.230264  -0.840674  -2.6469  
0.0207199  0.00117511  0.00166295  0.238123  -0.82086  -2.64746  
0.0204636  0.000993314  0.00170297  0.243376  -0.819782  -2.64808  
0.0204564  0.0013875  0.00158241  0.231782  -0.831278  -2.64729  
0.0204419  0.000938884  0.00165537  0.231426  -0.831756  -2.6488  
0.0204191  0.00129961  0.00164895  0.232199  -0.828752  -2.64811  
0.0204357  0.00110342  0.00169267  0.234106  -0.828795  -2.64865  
0.0204604  0.00140084  0.00162734  0.232178  -0.830257  -2.64718  
0.0204474  0.00109321  0.00169698  0.233872  -0.830111  -2.6488  
0.0204578  0.00113749  0.00167982  0.233294  -0.821651  -2.64808  
0.0204964  0.00118145  0.00175484  0.237367  -0.834867  -2.64817  
0.0207538  0.00115188  0.00167128  0.238072  -0.831632  -2.64742  
0.0204895  0.00116159  0.00170361  0.238251  -0.840654  -2.6495  
0.0205044  0.00116793  0.00166026  0.239094  -0.840666  -2.64803  
0.0205026  0.00126601  0.0016495  0.231944  -0.833037  -2.64729  
0.0204636  0.00121029  0.00156605  0.238442  -0.834465  -2.64796  
0.0204424  0.000943526  0.00170234  0.230575  -0.840552  -2.64888  
0.020512  0.00116341  0.00164424  0.231746  -0.840676  -2.64969  
0.0204435  0.00106854  0.00155189  0.23142  -0.829136  -2.65081  
0.020573  0.00118501  0.0016805  0.238508  -0.829697  -2.64406  
0.0204323  0.00106183  0.00169262  0.231509  -0.827998  -2.65148  
0.0204756  0.00118948  0.00168765  0.237681  -0.819553  -2.65083  
0.0205926  0.00110937  0.00168587  0.231433  -0.828134  -2.64825  
0.020485  0.0014332  0.00161397  0.237809  -0.83372  -2.65064  
0.0204845  0.00121393  0.00162669  0.237728  -0.840613  -2.64838  
0.0207724  0.00121461  0.00159872  0.23208  -0.835578  -2.64831  
0.0204785  0.00128055  0.00164993  0.237782  -0.830219  -2.64416  
0.0204542  0.00118772  0.00166125  0.232049  -0.838556  -2.64944  
0.0207934  0.00116888  0.00173458  0.238825  -0.831288  -2.64843  
0.0205293  0.00143323  0.00165245  0.231843  -0.840715  -2.64914  
0.0205844  0.00107036  0.00169142  0.231807  -0.840845  -2.64957  
0.0205501  0.0011706  0.00167074  0.238168  -0.840767  -2.64993  
0.0205163  0.0011958  0.00166763  0.237455  -0.840696  -2.64968  
0.0204927  0.00119232  0.00168723  0.232058  -0.833656  -2.64932  
0.0206063  0.00116352  0.00167823  0.238826  -0.830292  -2.65088  
0.0204794  0.000816561  0.00167029  0.236595  -0.830656  -2.64998  
0.0206713  0.00112672  0.0017981  0.23823  -0.829513  -2.65022  
0.0204912  0.00143781  0.00163056  0.237197  -0.833237  -2.651  
0.0207076  0.000941196  0.0017127  0.235641  -0.818147  -2.65082  
0.0205221  0.000986395  0.00171291  0.235646  -0.840726  -2.64986  
0.0204868  0.00105903  0.0015277  0.230961  -0.830685  -2.65178  
0.0206286  0.001408  0.00163583  0.237586  -0.829664  -2.65066  
0.0207547  0.00102059  0.00170236  0.231928  -0.841207  -2.65061  
0.0205065  0.00120755  0.00169244  0.232614  -0.832653  -2.65155  
0.0204652  0.00116972  0.00168251  0.23857  -0.825324  -2.65253  
0.0205035  0.00142243  0.00164186  0.236952  -0.8357  -2.65122  
0.0205447  0.0011839  0.00168041  0.233653  -0.833686  -2.65177  
0.0205108  0.00117413  0.00168074  0.229757  -0.830423  -2.64966  
0.0205334  0.000980094  0.00167655  0.237297  -0.830024  -2.65017  
0.0205166  0.00094653  0.00164248  0.235642  -0.827374  -2.65177  
0.0208297  0.000960216  0.00150609  0.246287  -0.824479  -2.63578  
0.0036797  0.000570528  0.000393698  0.10463  -0.454883  -0.781269  
0.011397  -0.00109649  0.000514824  0.170354  -0.580154  -2.09381  
0.0176333  0.00127951  0.000514824  0.159031  -0.607887  -2.18975  
0.0177325  0.000530267  0.000514824  0.170961  -0.624879  -2.15874  
0.0176902  0.000720093  0.000514824  0.160118  -0.636271  -2.14896  
0.0175778  0.000506688  0.000878211  0.166759  -0.653319  -2.14454  
0.0176824  0.000721693  0.000833575  0.165595  -0.660252  -2.14366  
0.0174954  0.00082538  0.000821364  0.165126  -0.66804  -2.14355  
0.0176595  0.000876711  0.000805216  0.156721  -0.667122  -2.14267  
0.0178996  0.000889  0.00080092  0.165175  -0.644144  -2.11516  
0.0118702  0.000442689  0.000611724  0.139006  -0.55361  -1.53057  
0.0127874  0.000774289  0.0004345  0.139589  -0.493489  -1.62154  
0.0128651  0.000739261  6.62942e-05  0.139775  -0.490334  -1.63297  
0.0126206  0.000804202  0.000546092  0.132976  -0.483012  -1.64087  
0.0125012  0.000742126  0.000568166  0.129839  -0.476046  -1.64199  
0.0126561  0.000720368  0.000574828  0.122271  -0.485573  -1.63824  
0.012691  0.000795908  0.000564213  0.132383  -0.489964  -1.63967  
0.0126804  0.000745113  0.000442824  0.131801  -0.496322  -1.64029  
0.0123454  0.000706558  0.0006117  0.131213  -0.501372  -1.63976  
0.0127063  0.00050035  0.000402518  0.139208  -0.495882  -1.63309  
0.000806619  2.15605e-05  0.000521863  0.0709871  -0.410433  -0.463479  
-0.000129297  0.000310093  0.000122518  0.0671564  -0.392087  -1.11365  
0.0115051  0.00113627  0.000133594  0.0918997  -0.391212  -1.41381  
0.00976865  0.000484988  0.00021753  0.101129  -0.38684  -1.40002  
0.00963647  0.000702721  0.000133594  0.0914312  -0.412906  -1.3778  
0.00962933  0.000501898  0.00025977  0.0911354  -0.419422  -1.37888  
0.00961166  0.000496764  0.000133594  0.0912062  -0.424757  -1.36928  
0.00927847  0.000541856  0.000133594  0.0912588  -0.434042  -1.36533  
0.00939528  0.00100503  0.000133594  0.0917764  -0.435423  -1.36761  
0.00966406  0.000665706  0.000353269  0.09113  -0.425691  -1.32337  
0.00146366  0.000653765  0.000338269  0.054029  -0.400298  -0.644517  
0.00195408  0.000233621  0.000440765  0.0685822  -0.349495  -0.734742  
0.00222994  0.000234397  0.000440765  0.0602713  -0.325824  -0.754745  
0.00229416  0.00037804  0.000440765  0.0562995  -0.325871  -0.757224  
0.00246821  0.000326646  0.000440765  0.0555302  -0.325996  -0.751779  
0.00225273  0.000244093  0.000440765  0.0483947  -0.325847  -0.757055  
0.00255703  0.000377932  0.000440765  0.0548822  -0.326056  -0.756798  
0.0026025  0.000236557  0.000440765  0.0555521  -0.326088  -0.750649  
0.00268614  0.000220158  0.000440765  0.0553475  -0.326148  -0.754657  
0.00248457  0.000205316  0.000440765  0.0554975  -0.32602  -0.73457  
-0.00397051  0.000159082  -4.81035e-05  0.0105632  -0.221967  -0.104078  
0.00153351  0.000113509  0.000119156  0.0189278  -0.208841  -0.492964  
0.00137763  -2.87546e-06  0  0.0233993  -0.208742  -0.478033  
0.00131992  0.000142897  0  0.0189744  -0.222412  -0.469344  
0.00153266  7.27818e-05  5.22235e-05  0.0189139  -0.208842  -0.455633  
0.00149774  0.00059814  0  0.0191574  -0.219417  -0.456049  
0.00145834  0.000603999  0  0.0191569  -0.220346  -0.452485  
0.00165589  0.000616146  0  0.0191628  -0.208899  -0.446163  
0.00174381  1.28124e-05  0.000311271  0.0188045  -0.20895  -0.440189  
0.00178623  0.000681192  0  0.0191182  -0.209  -0.42077  
-0.00257992  -0.000138427  0  0.0161984  -0.128503  0.0885502  
-0.00162889  -0  0  0.0188427  -0.0637198  0.022897  
-0.00118703  -0  0  0  -0.0479666  0.00218598  
-0.000917952  -0  0  0.0100805  -0.0327903  -2.29835e-05  
-0.000502081  6.90753e-05  -0.00017029  3.51828e-06  -0.0235893  -9.20117e-06  
-0.000402457  -0  5.37665e-05  -1.07429e-06  -0.0140935  -8.0421e-06  
-0.000300413  -0  0  0  1.06964e-06  -2.66446e-06  
-0.000162857  -0  0  0.00342141  -6.53617e-07  -1.54282e-06  
0  -0  0  0  0  0  
0  -0  0  0  0  0  
-0.00682625  0.000481042  -0.000275967  -0.0373667  0.111628  0.534943  
-0.0003712  -0.000239097  3.66001e-05  -0.0270446  0.129464  0.166166  
-0.000646454  2.65298e-05  -0.000132264  -0.0271886  0.129456  0.172346  
-0.000599093  0.000273382  -0.000132264  -0.0272287  0.129462  0.185397  
-0.000599517  0.000379813  -0.000132264  -0.0272498  0.129461  0.20082  
-0.000546098  -4.57358e-05  -1.53742e-05  -0.0271453  0.129476  0.200826  
-0.000546098  0.000273382  -0.000132264  -0.0235858  0.129472  0.200815  
-0.000369751  6.30113e-05  -0.000132264  -0.0271872  0.129507  0.198553  
-0.000241084  0.000273382  -0.000132264  -0.0272287  0.129531  0.18811  
0.000420633  -0.00041871  -0.000132264  -0.0269629  0.151254  0.358789  
-0.00444243  0.000310643  -0.000194737  -0.0378719  0.234386  0.727242  
-0.00310304  0.00045491  -4.35275e-05  -0.0402304  0.304011  0.655423  
-0.00247113  -1.04267e-05  0.000100589  -0.0398916  0.317269  0.647455  
-0.00241344  -2.7671e-05  7.92967e-05  -0.0398865  0.325189  0.645479  
-0.00243995  0.000182919  -0.000154944  -0.0401153  0.337092  0.63879  
-0.0020076  -1.69176e-05  5.0735e-05  -0.0399047  0.352666  0.644153  
-0.00185111  -4.91214e-05  0.000102227  -0.0500124  0.347685  0.644309  
-0.00143905  6.93785e-05  -3.77214e-05  -0.0458305  0.359004  0.643513  
-0.00142948  -4.00416e-06  6.59268e-05  -0.0449874  0.360716  0.64512  
-0.00150241  -0.000170924  2.85452e-05  -0.0398073  0.371911  0.644501  
-0.00121676  -5.58134e-05  0.000115588  -0.0436951  0.372096  0.639979  
-0.00104525  -4.02466e-05  0.000155446  -0.0446223  0.383167  0.64032  
-0.00099655  -9.0871e-05  0.000210439  -0.0397718  0.376038  0.645754  
-0.000478168  7.7546e-06  7.84692e-05  -0.0450573  0.394429  0.64784  
-0.000655942  -0.000115133  0.000173938  -0.0442598  0.40331  0.647872  
-0.000625075  -0.000112369  0.000160691  -0.0397635  0.403328  0.654584  
-0.000478168  -0.00034063  0.000195993  -0.0396041  0.407213  0.651743  
-0.000372346  0.000166512  0.000236037  -0.0399073  0.411788  0.647942  
-8.73326e-05  -5.79504e-05  0.000274423  -0.0440836  0.410161  0.649091  
-0.00011507  -0.00011067  0.000241845  -0.039718  0.417544  0.649248  
0.000109449  -9.42889e-05  0.000187942  -0.0423951  0.422506  0.648428  
2.5372e-05  -0.000113873  0.00024437  -0.0427152  0.434485  0.650187  
-2.9871e-05  -0.000122349  0.000175823  -0.0397457  0.421524  0.648378  
-2.9871e-05  -0.000122619  0.000238121  -0.0397064  0.434447  0.649485  
0.000330066  -0.00011639  0.000245286  -0.0424066  0.434676  0.650397  
0.000241443  -8.46727e-05  0.000223645  -0.0397333  0.43462  0.653637  
0.000436468  -0.000120114  0.000307857  -0.0427206  0.441284  0.650937  
0.000494159  7.77628e-05  0.000170663  -0.043466  0.44777  0.650591  
0.000525414  -0.000111105  0.000271227  -0.0396914  0.447795  0.65115  
0.000436469  -0.000109606  0.000203992  -0.0432952  0.44983  0.650935  
0.000657307  -0.000347245  0.000295081  -0.039524  0.455971  0.651449  
0.000688865  2.25597e-05  0.000203131  -0.0398  0.462314  0.652008  
0.000843822  -4.64049e-05  4.23551e-05  -0.0398465  0.458717  0.650861  
0.000843822  -4.8865e-05  4.23551e-05  -0.0398412  0.463828  0.651734  
0.000843822  -1.11521e-05  4.23551e-05  -0.0398635  0.463828  0.652639  
0.000843822  6.9072e-05  0.000199905  -0.0539785  0.463839  0.651972  
0.000843822  -5.05662e-05  0.00021339  -0.0432551  0.457995  0.644923  
0.000843822  2.09903e-05  0.000196221  -0.0505615  0.460718  0.650681  
0.000978203  -5.75483e-05  0.000212246  -0.053665  0.463925  0.651425  
0.0011433  -7.84589e-05  0.000228006  -0.0397243  0.46784  0.651621  
0.00125897  4.44194e-05  0.000210324  -0.0441003  0.46888  0.645154  
0.00125897  -6.34915e-05  0.000250344  -0.0440698  0.47065  0.649488  
0.00125897  -4.04757e-05  0.000229069  -0.0538804  0.470201  0.653448  
0.00125897  -4.43775e-06  4.23551e-05  -0.0398714  0.469933  0.65579  
0.00133531  -0.000288758  0.000259131  -0.0395683  0.470868  0.645473  
0.00125897  -5.86006e-05  0.000312779  -0.0544995  0.472851  0.652411  
0.00125897  -2.74379e-06  0.000197838  -0.0397851  0.481816  0.646428  
0.0013255  1.7044e-05  4.23551e-05  -0.0451125  0.477082  0.645601  
0.00134429  -5.20295e-06  4.23551e-05  -0.0398702  0.48186  0.651842  
0.00125897  6.55036e-05  0.00020603  -0.0454101  0.481817  0.651207  
0.00125897  -7.48958e-05  0.000224933  -0.0397236  0.479755  0.651156  
0.00138112  -0.000304449  0.00032507  -0.0395238  0.484188  0.651839  
0.00158181  1.86732e-05  0.000242466  -0.0397801  0.480378  0.652899  
0.00153729  1.81504e-05  4.23551e-05  -0.0398814  0.479209  0.649493  
0.00158302  2.32127e-05  0.000582208  -0.0395928  0.482349  0.646273  
0.00158825  -6.2138e-05  0.000319446  -0.0442813  0.484562  0.658486  
0.0014508  1.75899e-05  0.000234797  -0.0543318  0.482435  0.652513  
0.00185967  0.000134947  0.000222395  -0.0460991  0.48875  0.65311  
0.00164597  -8.80153e-05  0.00032266  -0.0451556  0.487996  0.653238  
0.00168723  -0.000231127  0.000164771  -0.039656  0.487586  0.652459  
0.00169403  -6.7239e-05  0.000249325  -0.0442149  0.500627  0.64658  
0.00171594  -8.62933e-05  0.000354021  -0.0510853  0.486256  0.653124  
0.00172777  0.000213446  4.23551e-05  -0.0464494  0.489507  0.641657  
0.00176505  -5.76116e-05  0.000320134  -0.0396849  0.500677  0.653279  
0.00185967  -0.000312062  0.000426581  -0.039468  0.500744  0.65277  
0.00185967  -5.73007e-05  0.000274212  -0.0554349  0.489092  0.653906  
0.00185967  -0.000278889  0.000375268  -0.044465  0.491873  0.653172  
0.00176396  -3.85129e-05  4.23551e-05  -0.0455568  0.500658  0.652974  
0.00177381  -9.87312e-05  0.000283043  -0.0396787  0.50068  0.651611  
0.00185967  -3.17869e-05  4.23551e-05  -0.0553919  0.500718  0.652372  
0.00185967  -4.39718e-06  0.000276289  -0.0474041  0.500421  0.646632  
0.00185967  -9.67883e-05  0.000259184  -0.0396934  0.500348  0.651645  
0.00213844  -0.000102784  0.000212821  -0.0566888  0.495479  0.654009  
0.00196285  -0.000106235  0.000262241  -0.0471788  0.498046  0.651856  
0.00201613  -0.000129171  0.000268491  -0.0564978  0.496609  0.65282  
0.00192408  -0.000109041  0.000260688  -0.0573518  0.495846  0.652673  
0.00227798  -9.59119e-05  0.00015958  -0.0567374  0.499591  0.646863  
0.00201807  -0.000122408  0.000361663  -0.0472356  0.502101  0.648631  
0.00204671  0.000225448  4.2355e-05  -0.0507208  0.504869  0.652607  
0.00196651  7.10163e-05  0.000233687  -0.0520807  0.503537  0.644744  
0.00200757  -0.000122457  0.000151259  -0.0533263  0.500352  0.651354  
0.00191182  0.000225448  4.2355e-05  -0.0486015  0.502659  0.651683  
0.00227798  -5.24898e-05  0.000390036  -0.0501571  0.505423  0.652679  
0.00210738  -7.202e-05  0.000562159  -0.0477119  0.50195  0.649149  
0.00227798  -9.87014e-05  0.000207184  -0.0480868  0.504022  0.652875  
0.00227798  0.000102261  4.2355e-05  -0.0482107  0.503631  0.652681  
0.00227798  6.7215e-05  0.000236724  -0.0486432  0.50682  0.659404  
0.00216559  -9.83928e-05  0.000268504  -0.0468375  0.503129  0.646334  
0.00227799  -0.000101423  0.000256037  -0.0526816  0.518062  0.664044  
0.00227799  -0.000344821  0.000303842  -0.0395007  0.518066  0.652936  
0.00227799  -0.000118597  0.000312247  -0.0483119  0.508685  0.652331  
0.00215743  0.000225448  0.000186971  -0.0502043  0.507939  0.651284  
0.00227799  0.000225448  4.2355e-05  -0.056865  0.509455  0.652453  
0.00227799  4.77076e-05  0.000473624  -0.0558623  0.509106  0.651838  
0.00227799  -9.46576e-05  0.000230445  -0.0512342  0.512535  0.652175  
0.00227799  0.000111303  4.2355e-05  -0.0521666  0.507753  0.652263  
0.00227799  -0.000123397  0.000261234  -0.0486496  0.508376  0.651686  
0.00222166  -0.000102357  0.000300682  -0.0575866  0.518029  0.651943  
0.00227799  -0.000125324  0.000265841  -0.0502829  0.510742  0.651585  
0.00234814  -0.00036683  0.000331877  -0.0394769  0.514302  0.656895  
0.00233768  -0.000225246  0.000449209  -0.0538787  0.513452  0.653331  
0.00227799  -0.00011644  4.23549e-05  -0.0475397  0.508271  0.652113  
0.00237593  -0.000269083  0.000320393  -0.0473273  0.50813  0.664  
0.00227799  -0.000106099  0.000323746  -0.0511282  0.507214  0.655785  
0.00240053  -0.000115668  0.000289277  -0.056055  0.510139  0.65257  
0.00240215  -0.000105962  0.000358541  -0.0491366  0.512502  0.644612  
0.00241017  -0.000107237  0.000286691  -0.0396635  0.511212  0.65426  
0.0024752  -0.000122408  0.00026951  -0.0530455  0.509914  0.65366  
0.00239298  -0.00010322  0.000274196  -0.0487646  0.513486  0.651769  
0.00238406  -0.000124384  4.23549e-05  -0.0482705  0.515574  0.652646  
0.00268359  0.000225448  0.000195141  -0.0610825  0.517947  0.652645  
0.00241023  -0.000115782  0.000530966  -0.0484456  0.518199  0.65156  
0.00240756  -0.000144517  0.000393077  -0.0483464  0.517563  0.650853  
0.00268359  0.000225448  4.23549e-05  -0.0542239  0.519944  0.652706  
0.00252931  -0.00011379  0.000278361  -0.0525568  0.512473  0.652523  
0.0024479  -4.96577e-05  0.000258012  -0.0527588  0.515787  0.652325  
0.00245494  -0.000238816  0.000452803  -0.0474277  0.514422  0.652163  
0.00247166  -0.000132975  0.000285661  -0.0479603  0.514528  0.646026  
0.00268359  0.000225448  0.000198112  -0.050405  0.52066  0.652873  
0.00268359  -6.22492e-06  0.000248202  -0.0540684  0.513114  0.658164  
0.00244527  -0.000119432  0.000298182  -0.0541337  0.517624  0.652062  
0.00268359  -0.000118756  0.000312908  -0.0496413  0.521854  0.653216  
0.00268359  -0.000287181  0.000364119  -0.0475997  0.518499  0.652785  
0.00268359  -0.000277891  0.00058117  -0.0509109  0.520085  0.65585  
0.00246973  -0.000241293  0.00044691  -0.0611247  0.517696  0.651814  
0.00247101  0.000225448  0.000203503  -0.0482665  0.517968  0.652795  
0.00249035  -0.000364845  0.000570824  -0.0437872  0.520025  0.652864  
0.00250536  -9.7458e-05  0.000564264  -0.0495411  0.51243  0.655282  
0.00268359  -0.000295635  0.00037415  -0.0475861  0.52076  0.658469  
0.00253851  -0.000234736  0.000465349  -0.0656569  0.514131  0.652885  
0.00252138  -0.000114729  0.000458882  -0.0520372  0.523496  0.652214  
0.00268359  -0.000242361  0.00045423  -0.0481182  0.534487  0.663827  
0.00250579  -4.99721e-05  0.000155914  -0.0512  0.514356  0.654168  
0.00252818  -0.000191823  0.000570362  -0.0495524  0.520811  0.653352  
0.00268359  -0.000130073  0.000304404  -0.0492032  0.524039  0.657017  
0.00254223  -0.000376308  0.000594433  -0.0486253  0.520981  0.655475  
0.0025585  -0.000300253  0.000330198  -0.0478544  0.519671  0.646011  
0.00268359  0.000225449  0.00020342  -0.0520216  0.522962  0.65267  
0.00253575  -0.000191771  0.000353822  -0.0590232  0.520239  0.652898  
